-0.080814
0.005816
-0.029585
0.110078
0.031328
-0.065878
-0.080814
0.005816
-0.029585
0.110078
0.031328
-0.065878
-0.080814
0.005816
-0.029585
0.110078
0.031328
-0.065878
-0.080814
0.005816
-0.029585
0.110078
0.031328
-0.065878
-0.080814
0.005816
-0.029585
0.110078
0.031328
-0.065878
-0.080814
0.005816
-0.029585
0.110078
0.031328
-0.065878
-0.080814
0.005816
-0.029585
0.110078
0.031328
-0.065878
-0.080814
0.005816
-0.029585
0.110078
0.031328
-0.065878
-0.080814
0.005816
-0.029585
0.110078
0.031328
-0.065878
-0.080814
0.005816
-0.029585
0.110078
0.031328
-0.065878
-0.080814
0.005816
-0.029585
0.110078
0.031328
-0.065878
-0.080814
0.005816
-0.029585
0.110078
0.031328
-0.065878
-0.080814
0.005816
-0.029585
0.110078
0.031328
-0.065878
-0.080814
0.005816
-0.029585
0.110078
0.031328
-0.065878
-0.080814
0.005816
-0.029585
0.110078
0.031328
-0.065878
-0.080814
0.005816
-0.029585
0.110078
0.031328
-0.065878
-0.080814
0.005816
-0.029585
0.110078
0.031328
-0.065878
-0.080814
0.005816
-0.029585
0.110078
0.031328
-0.065878
-0.080814
0.005816
-0.029585
0.110078
0.031328
-0.065878
-0.080814
0.005816
-0.029585
0.110078
0.031328
-0.065878
-0.080814
0.005816
-0.029585
0.110078
0.031328
-0.065878
-0.080814
0.005816
-0.029585
0.110078
0.031328
-0.065878
-0.080814
0.005816
-0.029585
0.110078
0.031328
-0.065878
-0.080814
0.005816
-0.029585
0.110078
0.031328
-0.065878
-0.080814
0.005816
-0.029585
0.110078
0.031328
-0.065878
-0.080814
0.005816
-0.029585
0.110078
0.031328
-0.065878
-0.080814
0.005816
-0.029585
0.110078
0.031328
-0.065878
-0.080814
0.005816
-0.029585
0.110078
0.031328
-0.065878
-0.080814
0.005816
-0.029585
0.110078
0.031328
-0.065878
-0.080814
0.005816
-0.029585
0.110078
0.031328
-0.065878
-0.080814
0.005816
-0.029585
0.110078
0.031328
-0.065878
-0.080814
0.005816
-0.029585
0.110078
0.031328
-0.065878
-0.080814
0.005816
-0.029585
0.110078
0.031328
-0.065878
-0.080814
0.005816
-0.029585
0.110078
0.031328
-0.065878
-0.080814
0.005816
-0.029585
0.110078
0.031328
-0.065878
-0.080814
0.005816
-0.029585
0.110078
0.031328
-0.065878
-0.080814
0.005816
-0.029585
0.110078
0.031328
-0.065878
-0.080814
0.005816
-0.029585
0.110078
0.031328
-0.065878
-0.080814
0.005816
-0.029585
0.110078
0.031328
-0.065878
-0.080814
0.005816
-0.029585
0.110078
0.031328
-0.065878
-0.080814
0.005816
-0.029585
0.110078
0.031328
-0.065878
-0.080814
0.005816
-0.029585
0.110078
0.031328
-0.065878
-0.080814
0.005816
-0.029585
0.110078
0.031328
-0.065878
-0.080814
0.005816
-0.029585
0.110078
0.031328
-0.065878
-0.080814
0.005816
-0.029585
0.110078
0.031328
-0.065878
-0.080814
0.005816
-0.029585
0.110078
0.031328
-0.065878
-0.080814
0.005816
-0.029585
0.110078
0.031328
-0.065878
-0.080814
0.005816
-0.029585
0.110078
0.031328
-0.065878
-0.080814
0.005816
-0.029585
0.110078
0.031328
-0.065878
-0.080814
0.005816
-0.029585
0.110078
0.031328
-0.065878
-0.080814
0.005816
-0.029585
0.110078
0.031328
-0.065878
-0.049092
-0.109697
-0.0841722
0.173476
0.161032
-0.119446
0.121758
-0.137926
-0.102709
0.00121206
0.461862
-0.371975
0.240391
0.121605
-0.214165
-0.135551
0.492252
-0.574447
0.106207
0.137936
-0.205208
0.0147206
0.211858
-0.363208
-0.0421112
0.0354457
-0.0823732
0.107667
0.0526113
-0.126534
-0.080814
0.005816
-0.029585
0.110078
0.031328
-0.065878
-0.080814
0.005816
-0.029585
0.110078
0.031328
-0.065878
-0.080814
0.005816
-0.029585
0.110078
0.031328
-0.065878
-0.080814
0.005816
-0.029585
0.110078
0.031328
-0.065878
-0.080814
0.005816
-0.029585
0.110078
0.031328
-0.065878
-0.080814
0.005816
-0.029585
0.110078
0.031328
-0.065878
-0.080814
0.005816
-0.029585
0.110078
0.031328
-0.065878
-0.080814
0.005816
-0.029585
0.110078
0.031328
-0.065878
-0.080814
0.005816
-0.029585
0.110078
0.031328
-0.065878
-0.080814
0.005816
-0.029585
0.110078
0.031328
-0.065878
-0.080814
0.005816
-0.029585
0.110078
0.031328
-0.065878
0.760058
-0.647751
0.416282
0.372316
0.635789
-0.170068
2.72625
-0.0754729
1.53268
-1.23472
1.75022
-0.770432
4.02125
1.11756
0.61552
-1.185
1.75343
-1.39404
3.48501
0.986082
-0.060768
-0.790113
1.76155
-1.69111
2.8244
0.566042
-0.299993
-0.598577
1.90402
-1.85421
2.58104
0.382073
-0.217018
-0.662209
2.00231
-1.85575
2.58778
0.41327
-0.228561
-0.671802
1.99673
-1.86926
2.43673
0.534724
-0.25628
-0.760801
1.81597
-1.83113
1.58884
0.91488
-0.478354
-0.583335
0.970935
-1.3373
0.369682
0.270485
-0.424991
0.163487
0.0952592
-0.445853
-0.080814
0.005816
-0.029585
0.110078
0.031328
-0.065878
-0.080814
0.005816
-0.029585
0.110078
0.031328
-0.065878
-0.080814
0.005816
-0.029585
0.110078
0.031328
-0.065878
-0.080814
0.005816
-0.029585
0.110078
0.031328
-0.065878
-0.080814
0.005816
-0.029585
0.110078
0.031328
-0.065878
-0.080814
0.005816
-0.029585
0.110078
0.031328
-0.065878
-0.00137902
-0.653184
0.178863
-0.470891
-0.277287
0.55487
-0.0366274
-0.53112
0.690968
-2.60438
-0.901608
1.87183
0.279922
0.129666
0.703079
-1.80791
-1.56372
2.2093
1.22378
0.535538
1.47572
-1.68563
-1.04316
1.87546
2.29412
1.09021
1.56049
-1.6729
-0.74682
1.53182
2.69283
1.15779
1.649
-1.88619
-0.623916
1.40943
2.88941
1.10527
1.44353
-1.67623
-0.435279
1.31282
3.54816
1.00051
1.7682
-2.15436
0.381828
0.645589
3.13144
2.73248
0.100859
-1.59187
0.228352
-0.428828
1.00012
0.875551
-0.70907
0.511032
-0.436217
-0.239492
-0.080814
0.005816
-0.029585
0.110078
0.031328
-0.065878
-0.080814
0.005816
-0.029585
0.110078
0.031328
-0.065878
-0.080814
0.005816
-0.029585
0.110078
0.031328
-0.065878
-0.080814
0.005816
-0.029585
0.110078
0.031328
-0.065878
-0.080814
0.005816
-0.029585
0.110078
0.031328
-0.065878
-0.080814
0.005816
-0.029585
0.110078
0.031328
-0.065878
-0.230541
-0.365003
-0.346543
-0.441078
-0.07061
0.0944917
-0.616735
-0.822684
-0.708387
-1.11755
-0.461274
0.25751
-1.12922
-1.22921
-0.885141
-1.04071
-0.718231
0.255452
-1.3666
-1.47808
-0.958747
-1.59957
-0.99975
0.641519
-1.59726
-1.42773
-1.04255
-1.53989
-1.27079
0.90907
-1.62353
-1.48511
-1.03528
-1.6677
-1.28877
1.07604
-0.568332
-2.28617
-0.653313
-1.24398
-0.507662
0.793731
1.14118
-0.962655
0.975573
-4.31407
0.173148
0.584714
1.08928
1.74365
-0.981614
-0.946112
-1.2343
0.273453
-0.173651
0.268701
-0.432592
0.823748
-0.571561
0.0298849
-0.080814
0.005816
-0.029585
0.110078
0.031328
-0.065878
-0.080814
0.005816
-0.029585
0.110078
0.031328
-0.065878
-0.080814
0.005816
-0.029585
0.110078
0.031328
-0.065878
-0.080814
0.005816
-0.029585
0.110078
0.031328
-0.065878
-0.080814
0.005816
-0.029585
0.110078
0.031328
-0.065878
-0.080814
0.005816
-0.029585
0.110078
0.031328
-0.065878
-0.080814
0.005816
-0.029585
0.110078
0.031328
-0.065878
-0.080814
0.005816
-0.029585
0.110078
0.031328
-0.065878
-0.0810793
0.000844825
-0.0350743
0.103034
0.0312429
-0.0646698
-0.107751
-0.0603391
-0.0798304
0.0146774
0.0163
-0.057701
-0.150297
-0.118677
-0.118167
-0.0146958
-0.0205858
-0.072313
0.221587
-0.647789
-0.0819255
0.259066
0.397989
-0.184705
1.9574
-1.34212
1.2886
-1.75013
1.13259
-0.120883
2.17226
1.09514
0.280366
-4.53324
-0.00815409
0.547933
0.266941
0.960431
-1.16313
0.524144
-1.59165
0.298653
-0.334751
-0.108982
-0.0956236
0.474817
-0.0989177
-0.151314
-0.080814
0.005816
-0.029585
0.110078
0.031328
-0.065878
-0.080814
0.005816
-0.029585
0.110078
0.031328
-0.065878
-0.080814
0.005816
-0.029585
0.110078
0.031328
-0.065878
-0.080814
0.005816
-0.029585
0.110078
0.031328
-0.065878
-0.080814
0.005816
-0.029585
0.110078
0.031328
-0.065878
-0.080814
0.005816
-0.029585
0.110078
0.031328
-0.065878
-0.080814
0.005816
-0.029585
0.110078
0.031328
-0.065878
-0.080814
0.005816
-0.029585
0.110078
0.031328
-0.065878
-0.080814
0.005816
-0.029585
0.110078
0.031328
-0.065878
-0.080814
0.005816
-0.029585
0.110078
0.031328
-0.065878
-0.0705728
-0.0407784
-0.0484984
0.146765
0.083766
-0.0753981
0.975427
-1.13368
0.444327
0.18406
0.745238
-0.0715807
2.027
-0.319974
1.37747
-4.53239
0.808885
0.582226
1.08577
1.49382
-1.30883
-1.6468
-1.49079
0.62517
-0.581113
-0.044241
-0.435186
0.909541
-0.691398
-0.0442484
-0.133145
-0.0239312
-0.0323636
0.171205
0.0288888
-0.0896397
-0.080814
0.005816
-0.029585
0.110078
0.031328
-0.065878
-0.080814
0.005816
-0.029585
0.110078
0.031328
-0.065878
-0.080814
0.005816
-0.029585
0.110078
0.031328
-0.065878
-0.080814
0.005816
-0.029585
0.110078
0.031328
-0.065878
-0.080814
0.005816
-0.029585
0.110078
0.031328
-0.065878
-0.080814
0.005816
-0.029585
0.110078
0.031328
-0.065878
-0.080814
0.005816
-0.029585
0.110078
0.031328
-0.065878
-0.080814
0.005816
-0.029585
0.110078
0.031328
-0.065878
-0.080814
0.005816
-0.029585
0.110078
0.031328
-0.065878
-0.0801711
-0.000386734
-0.0326056
0.114844
0.0383352
-0.0672741
0.395463
-0.545273
0.0200537
0.419759
0.579509
-0.235163
2.05545
-1.12977
1.20104
-1.94816
1.28051
-0.191123
1.99478
1.10851
-0.0660773
-4.24818
-0.0949237
0.444319
0.033992
0.718685
-1.1001
0.739465
-1.45566
0.192363
-0.319846
-0.114379
-0.0597348
0.393887
-0.0302422
-0.147588
-0.080814
0.005816
-0.029585
0.110078
0.031328
-0.065878
-0.080814
0.005816
-0.029585
0.110078
0.031328
-0.065878
-0.080814
0.005816
-0.029585
0.110078
0.031328
-0.065878
-0.080814
0.005816
-0.029585
0.110078
0.031328
-0.065878
-0.080814
0.005816
-0.029585
0.110078
0.031328
-0.065878
-0.080814
0.005816
-0.029585
0.110078
0.031328
-0.065878
-0.080814
0.005816
-0.029585
0.110078
0.031328
-0.065878
-0.080814
0.005816
-0.029585
0.110078
0.031328
-0.065878
-0.080814
0.005816
-0.029585
0.110078
0.031328
-0.065878
-0.080814
0.005816
-0.029585
0.110078
0.031328
-0.065878
0.0948005
-0.241535
-0.0439945
0.305391
0.293789
-0.108628
1.76067
-1.17639
0.978044
-0.38162
1.25449
-0.378615
2.74918
0.464429
1.17772
-4.65495
0.881054
0.280146
1.09647
1.54637
-1.26952
-1.15219
-1.57955
0.650705
-0.510365
-0.0404457
-0.33945
0.855716
-0.546076
-0.0814451
-0.0990026
-0.00589232
-0.0293148
0.132394
0.0321896
-0.0803406
-0.080814
0.005816
-0.029585
0.110078
0.031328
-0.065878
-0.080814
0.005816
-0.029585
0.110078
0.031328
-0.065878
-0.080814
0.005816
-0.029585
0.110078
0.031328
-0.065878
-0.080814
0.005816
-0.029585
0.110078
0.031328
-0.065878
-0.080814
0.005816
-0.029585
0.110078
0.031328
-0.065878
-0.080814
0.005816
-0.029585
0.110078
0.031328
-0.065878
-0.080814
0.005816
-0.029585
0.110078
0.031328
-0.065878
-0.080814
0.005816
-0.029585
0.110078
0.031328
-0.065878
-0.080814
0.005816
-0.029585
0.110078
0.031328
-0.065878
-0.0557229
-0.0564119
-0.0468787
0.160947
0.100939
-0.0765517
0.936443
-0.96987
0.300035
0.368357
0.888002
-0.314893
2.45912
-0.516175
1.60326
-3.70109
1.21472
0.16224
1.59929
1.47938
-0.87449
-3.25142
-1.10717
0.887262
-0.48732
0.304948
-0.835076
0.789647
-1.30486
0.258779
-0.293121
-0.109085
-0.0500369
0.356651
-0.011032
-0.149347
-0.080814
0.005816
-0.029585
0.110078
0.031328
-0.065878
-0.080814
0.005816
-0.029585
0.110078
0.031328
-0.065878
-0.080814
0.005816
-0.029585
0.110078
0.031328
-0.065878
-0.080814
0.005816
-0.029585
0.110078
0.031328
-0.065878
-0.080814
0.005816
-0.029585
0.110078
0.031328
-0.065878
-0.080814
0.005816
-0.029585
0.110078
0.031328
-0.065878
-0.080814
0.005816
-0.029585
0.110078
0.031328
-0.065878
-0.080814
0.005816
-0.029585
0.110078
0.031328
-0.065878
-0.080814
0.005816
-0.029585
0.110078
0.031328
-0.065878
-0.080814
0.005816
-0.029585
0.110078
0.031328
-0.065878
0.331627
-0.473996
0.040676
0.406732
0.455604
-0.154793
2.27698
-1.37575
1.38088
-1.42311
1.47275
-0.138948
2.96222
0.982039
0.571438
-5.23327
0.680879
0.195713
0.960871
1.39747
-1.6001
-0.127927
-1.44183
-0.0581218
-0.443001
-0.169218
-0.203996
0.641151
-0.224962
-0.227334
-0.0917899
-0.00124937
-0.029422
0.123544
0.031848
-0.0746055
-0.080814
0.005816
-0.029585
0.110078
0.031328
-0.065878
-0.080814
0.005816
-0.029585
0.110078
0.031328
-0.065878
-0.080814
0.005816
-0.029585
0.110078
0.031328
-0.065878
-0.080814
0.005816
-0.029585
0.110078
0.031328
-0.065878
-0.080814
0.005816
-0.029585
0.110078
0.031328
-0.065878
-0.080814
0.005816
-0.029585
0.110078
0.031328
-0.065878
-0.080814
0.005816
-0.029585
0.110078
0.031328
-0.065878
-0.080814
0.005816
-0.029585
0.110078
0.031328
-0.065878
-0.080814
0.005816
-0.029585
0.110078
0.031328
-0.065878
-0.080814
0.005816
-0.029585
0.110078
0.031328
-0.065878
0.651786
-0.799789
0.443249
0.159327
0.253045
0.207752
1.98109
-1.12126
1.76884
-3.8997
0.338916
1.25254
1.81428
1.63148
0.0304736
-3.38213
-1.31114
1.34066
0.100636
0.866215
-0.779292
1.03638
-1.27939
0.189633
-0.113763
0.0111589
-0.069502
0.236881
-0.0315511
-0.0752088
-0.080814
0.005816
-0.029585
0.110078
0.031328
-0.065878
-0.080814
0.005816
-0.029585
0.110078
0.031328
-0.065878
-0.080814
0.005816
-0.029585
0.110078
0.031328
-0.065878
-0.080814
0.005816
-0.029585
0.110078
0.031328
-0.065878
-0.080814
0.005816
-0.029585
0.110078
0.031328
-0.065878
-0.080814
0.005816
-0.029585
0.110078
0.031328
-0.065878
-0.080814
0.005816
-0.029585
0.110078
0.031328
-0.065878
-0.080814
0.005816
-0.029585
0.110078
0.031328
-0.065878
-0.080814
0.005816
-0.029585
0.110078
0.031328
-0.065878
-0.080814
0.005816
-0.029585
0.110078
0.031328
-0.065878
-0.080814
0.005816
-0.029585
0.110078
0.031328
-0.065878
-0.275582
-0.613602
-0.281299
-0.621655
-0.31196
0.477279
-0.967996
-1.22219
-0.469034
-3.07672
-1.09447
1.68286
-1.40927
-0.3033
-0.85407
-0.749638
-1.57493
0.972197
-0.781882
-0.257067
-0.227891
0.739279
-0.411825
-0.104056
-0.121033
-0.0164922
-0.0322202
0.156624
0.0287621
-0.081631
-0.080814
0.005816
-0.029585
0.110078
0.031328
-0.065878
-0.080814
0.005816
-0.029585
0.110078
0.031328
-0.065878
-0.080814
0.005816
-0.029585
0.110078
0.031328
-0.065878
-0.080814
0.005816
-0.029585
0.110078
0.031328
-0.065878
-0.080814
0.005816
-0.029585
0.110078
0.031328
-0.065878
-0.080814
0.005816
-0.029585
0.110078
0.031328
-0.065878
-0.080814
0.005816
-0.029585
0.110078
0.031328
-0.065878
-0.080814
0.005816
-0.029585
0.110078
0.031328
-0.065878
-0.080814
0.005816
-0.029585
0.110078
0.031328
-0.065878
-0.080814
0.005816
-0.029585
0.110078
0.031328
-0.065878
-0.080814
0.005816
-0.029585
0.110078
0.031328
-0.065878
-0.119939
-0.160538
-0.177583
-0.12771
0.0151633
-0.0358023
-0.312626
-0.398846
-0.335168
-0.414177
-0.158725
-0.0551002
-0.387394
-0.272336
-0.107087
0.20138
-0.13584
-0.238541
-0.157079
-0.0451794
-0.0283981
0.198015
0.0305034
-0.125167
-0.080814
0.005816
-0.029585
0.110078
0.031328
-0.065878
-0.080814
0.005816
-0.029585
0.110078
0.031328
-0.065878
-0.080814
0.005816
-0.029585
0.110078
0.031328
-0.065878
-0.080814
0.005816
-0.029585
0.110078
0.031328
-0.065878
-0.080814
0.005816
-0.029585
0.110078
0.031328
-0.065878
-0.080814
0.005816
-0.029585
0.110078
0.031328
-0.065878
-0.080814
0.005816
-0.029585
0.110078
0.031328
-0.065878
