-0.360357
0.095242
0.611215
0.0809171
1.75224
-0.509058
-0.743567
-0.848699
-0.339911
0.310596
0.10642
2.53108
3.07153
1.87565
-1.54482
2.75786
-1.30167
-2.05461
-0.891697
-2.65578
6.87451
0.188753
-2.3638
-3.13946
2.69042
1.07215
-3.5791
2.90703
6.7228
3.00905
-5.64623
4.68121
-3.16685
-4.80987
1.27445
-2.53385
6.48223
-0.908849
-3.14309
-4.00038
4.97118
0.669023
-4.79889
1.8059
5.37389
3.07084
-6.61422
2.6705
-2.22873
-4.02106
1.74836
-2.92467
4.89005
-0.245133
-2.97222
-2.84471
5.51639
0.623235
-5.6401
2.86831
4.37076
2.42874
-6.17389
3.97552
-1.4648
-2.58788
1.05208
-1.61096
2.80393
-0.0590376
-2.03901
-2.6248
5.55096
-0.102476
-6.14692
1.2687
0.142871
1.33217
-4.63949
3.11275
-0.60089
-0.312532
0.656615
-0.0871005
-0.758198
-0.0106314
-0.525792
-1.59079
3.06243
0.317372
-2.30198
-0.76288
-0.450244
1.13043
0.0480469
-0.469895
-0.0542368
-1.11753
-1.41618
0.884847
-7.15423
-0.813648
0.317016
5.05271
-2.25253
0.272142
-0.608665
-1.45791
-5.48687
-2.33191
4.64753
2.61279
-2.31345
1.78227
-4.35638
0.900675
-7.66504
-1.36897
0.0923135
13.8825
-4.37822
-4.96053
5.52392
-2.20748
-9.55412
0.044337
8.95185
-1.47449
-3.97062
3.31356
-6.24419
4.85965
-5.82346
-3.89921
1.54753
16.265
-6.05447
-3.37393
10.6162
-3.47916
-5.02445
1.60285
8.56847
0.293982
-8.41022
1.61154
-8.42444
2.64575
-2.5556
-4.20672
1.8944
14.4652
-5.19311
-0.479798
9.6511
-1.94848
1.03857
5.97176
5.0524
3.75208
-9.40172
-0.16688
-7.08246
-0.897313
6.20632
-2.72551
-0.679963
6.23375
-0.12057
-1.78839
5.67012
-4.77455
4.17515
5.45834
-0.178021
-1.93253
-6.18472
-3.02384
-1.89226
2.71903
2.23683
-2.37741
0.604884
1.04671
-0.177877
2.61312
2.9149
-2.65736
2.71126
1.41069
-0.191509
-1.59088
2.53344
1.37835
0.569069
-1.23425
1.83802
1.56054
1.75632
-2.0715
0.135066
-1.53062
-0.910797
0.223083
2.14455
-1.61408
-2.54668
-0.249288
6.84994
2.8766
-0.980125
-4.45337
3.13339
2.57575
3.0422
-4.47653
2.83953
-3.29644
-2.85298
1.32415
0.948923
-6.57259
-3.68036
-2.77226
10.3955
1.58842
1.75385
-3.63702
2.00245
2.0202
1.4268
-3.20531
2.56801
-6.94538
-2.80578
6.04985
-2.9319
-8.09718
-2.4014
-1.93039
10.2689
1.70838
-7.14632
-2.21395
0.10358
4.86678
1.83878
1.5869
1.2911
-4.8797
-9.80923
6.5191
-6.22337
-6.15692
0.8894
3.17667
3.04336
1.69431
0.647534
0.10263
6.2928
0.589196
-1.12147
3.83634
3.18019
-13.8243
3.8934
1.06408
-6.95375
-1.38246
1.96484
-11.2375
2.00706
-1.59083
0.287566
5.73619
-0.177374
-1.71893
-0.0912142
3.27618
-1.94973
0.496041
1.58381
1.93915
-1.24603
-0.87312
2.65518
1.52259
-0.445637
0.121028
0.445295
0.1813
-0.19662
0.251098
-0.0940668
-0.170356
0.0611847
0.245528
0.305167
-0.26585
-0.00759743
0.398356
0.0853115
0.0943545
-0.979051
-0.0965307
1.22499
-0.404533
-0.756674
-0.936029
-1.01496
0.353756
-0.0171923
0.362788
2.12988
-0.468501
0.892206
0.0713422
-0.00994281
-0.32827
-1.09988
-0.0843496
-0.173184
-0.579101
-2.24791
-2.93544
-0.100296
3.09622
-1.2332
2.42658
0.0804956
2.24616
3.00832
1.47528
-2.28017
11.6971
-2.18088
2.30378
-9.43384
-9.38144
1.70418
1.66427
-1.70009
2.72405
2.4767
-3.87464
-0.809523
-2.93723
-1.68179
-0.713495
-0.0680755
-8.50907
0.597043
2.59848
0.131491
3.86179
4.71609
-0.405679
0.472386
2.61955
1.19038
-2.06668
5.8543
-0.424178
0.733488
-3.86786
-2.10269
-3.08078
0.713385
-0.982471
-0.80486
-1.31053
-2.85774
-0.335834
-0.340991
-0.216543
0.0950456
1.23121
-0.56099
0.427028
-1.07221
-0.452183
0.998412
0.679179
-0.229867
-0.245767
0.442326
0.0639049
-0.0950623
0.428587
-0.0970393
-0.510275
0.0690926
0.0559455
-0.18029
-0.142092
0.0442409
0.120348
-0.0697137
0.0673237
0.250346
-0.351806
2.18657
0.327372
-0.616419
-2.8045
-0.551238
1.28636
-0.47258
-0.375325
1.4263
2.69616
1.51593
0.955308
-1.12366
5.47006
-1.21505
-1.15
-8.74975
-4.0354
-0.0917788
2.00113
-0.97704
4.25883
-0.586164
0.0407904
-7.05704
-0.0972149
0.224966
0.731802
1.19294
5.29627
-1.5063
2.85112
-0.75334
-1.18114
7.6675
-1.59029
1.10665
4.28358
3.64989
-9.60123
7.45847
-1.86643
-1.92171
-1.368
-2.41968
-11.3497
2.63863
-0.614159
-0.951432
2.52746
-2.35184
-0.200219
-1.1132
1.89502
-0.400957
2.65356
1.3657
1.28298
-1.04434
-2.37231
1.72913
1.12927
-0.737044
0.0280989
0.0172979
-0.737019
-0.281497
0.0548222
0.0494123
-0.805387
-0.0199069
0.184568
-0.608744
-0.198703
0.294631
0.209868
-0.218144
0.453846
-0.0663987
-0.264516
0.616398
0.1412
-0.216139
0.0371352
0.0322129
-0.223788
0.315623
0.00328802
0.00284591
-0.143716
-0.342265
0.0984061
-0.199078
0.770335
1.44722
-0.195538
-1.27803
1.89634
-7.48447
-1.53652
1.25183
5.04501
-3.89637
-0.0986004
-1.68245
-1.3847
-4.10864
-2.30724
4.79025
6.57993
0.276998
4.35993
-8.12038
-6.91645
1.75791
2.16805
1.17154
9.58438
-0.80893
-9.37804
6.1461
-1.59462
-5.49398
-1.64357
4.46976
-12.5151
2.15145
2.85954
0.198895
7.29942
3.03075
-1.00387
1.09579
4.72704
-1.67066
-1.55143
7.04778
1.43065
0.653995
-3.77442
-0.622968
-0.587328
-0.163844
-0.909114
-0.851823
-1.83616
-2.43157
-0.42931
-0.169452
-0.369225
0.105848
1.14758
-0.475624
0.0874512
-0.643277
-0.285293
0.618927
0.596906
-0.377951
-0.0846935
0.320972
0.0583154
-0.0335544
0.500825
0.0169371
-0.585462
-0.0309483
0.18228
-0.416426
-0.160102
0.164639
0.284145
-0.170545
0.28741
