(-5.60727,0)
(1.62208,0)
(9.59053,0)
(2.42086,0)
(28.3135,0)
(-10.7308,0)
(-11.1415,0)
(-13.5762,0)
(-6.81138,0)
(5.15861,0)
(2.73717,0)
(40.6468,0)
(49.2218,0)
(30.0779,0)
(-23.2427,0)
(43.1513,0)
(-20.6683,0)
(-32.7755,0)
(-14.4561,0)
(-41.3663,0)
(110.27,0)
(0.434185,0)
(-37.0652,0)
(-50.2284,0)
(41.6738,0)
(17.3435,0)
(-56.2312,0)
(46.6621,0)
(107.642,0)
(48.2123,0)
(-88.8653,0)
(73.9249,0)
(-50.5111,0)
(-76.8597,0)
(20.2023,0)
(-39.4154,0)
(103.993,0)
(-17.1274,0)
(-49.5339,0)
(-64.0031,0)
(78.1661,0)
(10.8934,0)
(-75.7478,0)
(29.044,0)
(86.0595,0)
(49.2011,0)
(-104.353,0)
(41.7537,0)
(-35.5012,0)
(-64.2387,0)
(27.7849,0)
(-45.6686,0)
(78.5185,0)
(-6.508,0)
(-46.8,0)
(-45.5125,0)
(86.8894,0)
(10.1608,0)
(-89.2072,0)
(46.0426,0)
(70.0094,0)
(38.9274,0)
(-97.3079,0)
(62.634,0)
(-23.2784,0)
(-41.3079,0)
(16.6443,0)
(-24.6492,0)
(45.1407,0)
(-3.53047,0)
(-31.8686,0)
(-41.9939,0)
(87.4426,0)
(-1.45054,0)
(-97.3162,0)
(20.4488,0)
(2.36319,0)
(21.3823,0)
(-72.7575,0)
(48.8297,0)
(-9.45578,0)
(-4.9023,0)
(10.3169,0)
(-0.267419,0)
(-11.8534,0)
(-2.75597,0)
(-7.65709,0)
(-25.4497,0)
(47.6261,0)
(5.26703,0)
(-35.7972,0)
(-12.0565,0)
(-7.12665,0)
(18.1544,0)
(2.24313,0)
(-8.4927,0)
(-0.70934,0)
(-17.7823,0)
(-22.8478,0)
(15.2837,0)
(-114.19,0)
(-15.6042,0)
(5.82784,0)
(80.8463,0)
(-37.4133,0)
(4.54333,0)
(-8.70419,0)
(-23.177,0)
(-87.7126,0)
(-37.2429,0)
(75.8348,0)
(40.8303,0)
(-36.8568,0)
(28.6146,0)
(-69.8909,0)
(15.537,0)
(-122.363,0)
(-24.4894,0)
(2.23259,0)
(222.123,0)
(-71.4244,0)
(-79.1794,0)
(89.4172,0)
(-35.1701,0)
(-152.789,0)
(0.777014,0)
(144.704,0)
(-24.5662,0)
(-63.3715,0)
(53.1152,0)
(-100.096,0)
(78.8806,0)
(-92.8977,0)
(-64.9733,0)
(25.516,0)
(260.242,0)
(-98.2443,0)
(-53.7938,0)
(170.894,0)
(-55.517,0)
(-80.3139,0)
(25.7133,0)
(138.57,0)
(3.72933,0)
(-134.405,0)
(25.8828,0)
(-134.98,0)
(43.4581,0)
(-40.6118,0)
(-69.8935,0)
(31.0659,0)
(231.447,0)
(-84.4626,0)
(-7.48767,0)
(155.452,0)
(-31.0261,0)
(16.6944,0)
(95.6157,0)
(82.3128,0)
(59.059,0)
(-150.269,0)
(-2.57187,0)
(-113.508,0)
(-13.2308,0)
(99.5789,0)
(-46.194,0)
(-10.1238,0)
(99.7429,0)
(-3.30191,0)
(-28.4252,0)
(91.7564,0)
(-76.2432,0)
(66.8796,0)
(87.401,0)
(-1.37395,0)
(-31.8948,0)
(-98.797,0)
(-48.2833,0)
(-30.4651,0)
(44.6307,0)
(36.0671,0)
(-40.6244,0)
(10.4337,0)
(16.7503,0)
(-4.21884,0)
(41.999,0)
(47.6729,0)
(-42.3683,0)
(43.4574,0)
(22.6386,0)
(-1.58976,0)
(-26.4285,0)
(40.6935,0)
(22.1519,0)
(8.91619,0)
(-18.6218,0)
(29.686,0)
(22.3828,0)
(28.8567,0)
(-33.1411,0)
(0.788256,0)
(-24.3009,0)
(-13.5383,0)
(3.71889,0)
(34.3901,0)
(-25.7577,0)
(-39.2726,0)
(-4.96299,0)
(109.757,0)
(46.1238,0)
(-15.8709,0)
(-70.1277,0)
(50.412,0)
(38.6261,0)
(49.4309,0)
(-71.6216,0)
(44.0596,0)
(-52.554,0)
(-44.6132,0)
(21.3359,0)
(15.26,0)
(-105.094,0)
(-57.4114,0)
(-45.3305,0)
(166.487,0)
(25.5129,0)
(27.8727,0)
(-57.0661,0)
(32.317,0)
(29.7373,0)
(23.5844,0)
(-51.2821,0)
(39.7153,0)
(-110.937,0)
(-43.858,0)
(96.9472,0)
(-46.8331,0)
(-129.487,0)
(-36.948,0)
(-31.8606,0)
(164.462,0)
(27.4323,0)
(-114.53,0)
(-34.2971,0)
(1.93503,0)
(75.2826,0)
(30.1761,0)
(25.3934,0)
(19.2849,0)
(-77.8861,0)
(-155.913,0)
(104.455,0)
(-99.4966,0)
(-98.4431,0)
(15.7048,0)
(49.8523,0)
(48.8522,0)
(27.2072,0)
(10.1716,0)
(2.76827,0)
(100.963,0)
(6.84128,0)
(-17.1879,0)
(61.3844,0)
(49.5102,0)
(-221,0)
(63.3288,0)
(17.1749,0)
(-111.183,0)
(-22.0518,0)
(32.9119,0)
(-180.774,0)
(32.2714,0)
(-25.3551,0)
(4.41215,0)
(92.9053,0)
(-2.56024,0)
(-30.0887,0)
(-0.703845,0)
(52.4218,0)
(-32.5685,0)
(8.12572,0)
(26.3755,0)
(31.1759,0)
(-19.8592,0)
(-13.9023,0)
(43.9572,0)
(23.387,0)
(-6.97175,0)
(2.03465,0)
(6.93582,0)
(4.02699,0)
(-2.86817,0)
(1.4317,0)
(-0.749489,0)
(-2.72275,0)
(-0.393846,0)
(4.11752,0)
(5.91713,0)
(-4.10403,0)
(-0.044303,0)
(6.4413,0)
(2.83936,0)
(0.535295,0)
(-15.5064,0)
(-1.44628,0)
(19.4109,0)
(-5.34633,0)
(-11.829,0)
(-17.5623,0)
(-15.4838,0)
(5.66303,0)
(-1.64788,0)
(5.99368,0)
(35.1125,0)
(-7.34644,0)
(14.3526,0)
(1.20909,0)
(1.3153,0)
(-6.22669,0)
(-17.4396,0)
(-1.25138,0)
(-2.95986,0)
(-8.13944,0)
(-35.6888,0)
(-49.553,0)
(-0.849162,0)
(49.5425,0)
(-21.104,0)
(39.0143,0)
(2.32238,0)
(36.0882,0)
(48.2104,0)
(23.672,0)
(-35.0083,0)
(186.18,0)
(-34.7357,0)
(36.9586,0)
(-151.13,0)
(-148.977,0)
(27.5446,0)
(24.0424,0)
(-26.4459,0)
(43.5878,0)
(38.2544,0)
(-61.8052,0)
(-11.9179,0)
(-46.8461,0)
(-26.8314,0)
(-11.3483,0)
(0.385174,0)
(-137.119,0)
(9.71113,0)
(41.674,0)
(1.91495,0)
(62.9148,0)
(75.7352,0)
(-9.07673,0)
(8.31376,0)
(41.9157,0)
(17.6732,0)
(-32.8778,0)
(94.7033,0)
(-6.63728,0)
(11.8131,0)
(-61.8182,0)
(-32.1687,0)
(-50.2668,0)
(11.5726,0)
(-15.6213,0)
(-13.0667,0)
(-19.8423,0)
(-45.4461,0)
(-7.95922,0)
(-4.70028,0)
(-3.46174,0)
(0.147932,0)
(19.8884,0)
(-7.94139,0)
(6.98202,0)
(-17.078,0)
(-7.16733,0)
(17.449,0)
(9.89248,0)
(-3.51943,0)
(-3.83406,0)
(6.88832,0)
(2.14867,0)
(-1.24326,0)
(4.27152,0)
(-0.797048,0)
(-8.16146,0)
(-0.267319,0)
(1.0842,0)
(-1.8502,0)
(-2.1239,0)
(0.78511,0)
(1.99317,0)
(0.358961,0)
(0.102803,0)
(4.16399,0)
(-5.53069,0)
(34.7962,0)
(6.36415,0)
(-9.58497,0)
(-47.4578,0)
(-8.06422,0)
(20.5847,0)
(-8.93408,0)
(-5.81612,0)
(23.8552,0)
(43.2881,0)
(24.3322,0)
(15.3525,0)
(-16.5042,0)
(86.5466,0)
(-19.2823,0)
(-18.3018,0)
(-140.185,0)
(-63.4403,0)
(-1.19072,0)
(29.4323,0)
(-14.8771,0)
(68.1442,0)
(-10.7514,0)
(0.841722,0)
(-111.878,0)
(-1.40587,0)
(3.67672,0)
(11.7764,0)
(20.5614,0)
(83.766,0)
(-23.9424,0)
(45.7161,0)
(-12.2423,0)
(-17.772,0)
(122.958,0)
(-28.0304,0)
(18.4621,0)
(68.5403,0)
(57.0254,0)
(-153.431,0)
(120.37,0)
(-29.7133,0)
(-30.6701,0)
(-21.8204,0)
(-37.2405,0)
(-182.57,0)
(42.3765,0)
(-9.72833,0)
(-15.4118,0)
(41.5656,0)
(-37.3517,0)
(-5.78937,0)
(-17.0555,0)
(30.3232,0)
(-7.78812,0)
(42.6461,0)
(22.8857,0)
(20.6773,0)
(-16.6322,0)
(-37.8894,0)
(29.1405,0)
(17.0939,0)
(-11.6343,0)
(0.547791,0)
(0.0878635,0)
(-10.6661,0)
(-4.22622,0)
(-1.70871,0)
(1.54618,0)
(-12.8833,0)
(-1.69131,0)
(3.14217,0)
(-8.70545,0)
(-3.02968,0)
(4.79135,0)
(3.4255,0)
(-2.01593,0)
(6.28715,0)
(-0.90393,0)
(-4.13404,0)
(9.67346,0)
(3.38539,0)
(-3.18049,0)
(-1.9917,0)
(1.27099,0)
(-3.57767,0)
(3.67718,0)
(0.241682,0)
(1.07998,0)
(-2.1499,0)
(-5.39898,0)
(1.64211,0)
(-1.71086,0)
(11.351,0)
(23.314,0)
(-3.03039,0)
(-20.6373,0)
(31.4676,0)
(-119.474,0)
(-27.1701,0)
(20.7848,0)
(80.7231,0)
(-63.7146,0)
(-1.38854,0)
(-25.8847,0)
(-22.0056,0)
(-65.6609,0)
(-36.8483,0)
(78.1184,0)
(104.305,0)
(4.59042,0)
(69.8571,0)
(-130.115,0)
(-109.537,0)
(28.4043,0)
(32.103,0)
(19.5002,0)
(153.353,0)
(-14.3157,0)
(-149.86,0)
(99.372,0)
(-25.3644,0)
(-87.8264,0)
(-26.2296,0)
(72.9905,0)
(-201.217,0)
(34.5816,0)
(45.8508,0)
(2.99342,0)
(117.917,0)
(48.7697,0)
(-18.6477,0)
(18.2883,0)
(75.6356,0)
(-28.1033,0)
(-24.6338,0)
(113.799,0)
(23.04,0)
(10.5412,0)
(-60.3232,0)
(-8.49311,0)
(-10.3716,0)
(-2.46306,0)
(-14.4476,0)
(-13.8181,0)
(-28.2523,0)
(-38.6274,0)
(-9.45482,0)
(-1.95565,0)
(-5.90465,0)
(0.320771,0)
(18.5504,0)
(-6.57554,0)
(1.54879,0)
(-10.2152,0)
(-4.49709,0)
(11.3772,0)
(8.57612,0)
(-5.88877,0)
(-1.25689,0)
(4.94664,0)
(2.05923,0)
(-0.25913,0)
(5.42733,0)
(1.02657,0)
(-9.36445,0)
(-1.86797,0)
(3.10556,0)
(-5.62838,0)
(-2.41207,0)
(2.71148,0)
(4.61393,0)
(-1.25433,0)
(3.62419,0)
