-0.323256
0.023264
-0.11834
0.440312
0.125312
-0.263512
-0.323256
0.023264
-0.11834
0.440312
0.125312
-0.263512
-0.323256
0.023264
-0.11834
0.440312
0.125312
-0.263512
-0.323256
0.023264
-0.11834
0.440312
0.125312
-0.263512
-0.323256
0.023264
-0.11834
0.440312
0.125312
-0.263512
-0.323256
0.023264
-0.11834
0.440312
0.125312
-0.263512
-0.323256
0.023264
-0.11834
0.440312
0.125312
-0.263512
-0.323256
0.023264
-0.11834
0.440312
0.125312
-0.263512
-0.323256
0.023264
-0.11834
0.440312
0.125312
-0.263512
-0.323256
0.023264
-0.11834
0.440312
0.125312
-0.263512
-0.323256
0.023264
-0.11834
0.440312
0.125312
-0.263512
-0.323256
0.023264
-0.11834
0.440312
0.125312
-0.263512
-0.323256
0.023264
-0.11834
0.440312
0.125312
-0.263512
-0.323256
0.023264
-0.11834
0.440312
0.125312
-0.263512
-0.323256
0.023264
-0.11834
0.440312
0.125312
-0.263512
-0.323256
0.023264
-0.11834
0.440312
0.125312
-0.263512
-0.323256
0.023264
-0.11834
0.440312
0.125312
-0.263512
-0.323256
0.023264
-0.11834
0.440312
0.125312
-0.263512
-0.323256
0.023264
-0.11834
0.440312
0.125312
-0.263512
-0.323256
0.023264
-0.11834
0.440312
0.125312
-0.263512
-0.323256
0.023264
-0.11834
0.440312
0.125312
-0.263512
-0.323256
0.023264
-0.11834
0.440312
0.125312
-0.263512
-0.323256
0.023264
-0.11834
0.440312
0.125312
-0.263512
-0.323256
0.023264
-0.11834
0.440312
0.125312
-0.263512
-0.323256
0.023264
-0.11834
0.440312
0.125312
-0.263512
-0.323256
0.023264
-0.11834
0.440312
0.125312
-0.263512
-0.323256
0.023264
-0.11834
0.440312
0.125312
-0.263512
-0.323256
0.023264
-0.11834
0.440312
0.125312
-0.263512
-0.323256
0.023264
-0.11834
0.440312
0.125312
-0.263512
-0.323256
0.023264
-0.11834
0.440312
0.125312
-0.263512
-0.323256
0.023264
-0.11834
0.440312
0.125312
-0.263512
-0.323256
0.023264
-0.11834
0.440312
0.125312
-0.263512
-0.323256
0.023264
-0.11834
0.440312
0.125312
-0.263512
-0.323256
0.023264
-0.11834
0.440312
0.125312
-0.263512
-0.323256
0.023264
-0.11834
0.440312
0.125312
-0.263512
-0.323256
0.023264
-0.11834
0.440312
0.125312
-0.263512
-0.323256
0.023264
-0.11834
0.440312
0.125312
-0.263512
-0.323256
0.023264
-0.11834
0.440312
0.125312
-0.263512
-0.323256
0.023264
-0.11834
0.440312
0.125312
-0.263512
-0.323256
0.023264
-0.11834
0.440312
0.125312
-0.263512
-0.323256
0.023264
-0.11834
0.440312
0.125312
-0.263512
-0.323256
0.023264
-0.11834
0.440312
0.125312
-0.263512
-0.323256
0.023264
-0.11834
0.440312
0.125312
-0.263512
-0.323256
0.023264
-0.11834
0.440312
0.125312
-0.263512
-0.323256
0.023264
-0.11834
0.440312
0.125312
-0.263512
-0.323256
0.023264
-0.11834
0.440312
0.125312
-0.263512
-0.323256
0.023264
-0.11834
0.440312
0.125312
-0.263512
-0.323256
0.023264
-0.11834
0.440312
0.125312
-0.263512
-0.323256
0.023264
-0.11834
0.440312
0.125312
-0.263512
-0.323256
0.023264
-0.11834
0.440312
0.125312
-0.263512
-0.323256
0.023264
-0.11834
0.440312
0.125312
-0.263512
-0.196368
-0.438787
-0.336689
0.693904
0.644128
-0.477785
0.48703
-0.551706
-0.410835
0.00484824
1.84745
-1.4879
0.961563
0.486421
-0.85666
-0.542205
1.96901
-2.29779
0.424829
0.551742
-0.820832
0.0588825
0.847432
-1.45283
-0.168445
0.141783
-0.329493
0.430669
0.210445
-0.506135
-0.323256
0.023264
-0.11834
0.440312
0.125312
-0.263512
-0.323256
0.023264
-0.11834
0.440312
0.125312
-0.263512
-0.323256
0.023264
-0.11834
0.440312
0.125312
-0.263512
-0.323256
0.023264
-0.11834
0.440312
0.125312
-0.263512
-0.323256
0.023264
-0.11834
0.440312
0.125312
-0.263512
-0.323256
0.023264
-0.11834
0.440312
0.125312
-0.263512
-0.323256
0.023264
-0.11834
0.440312
0.125312
-0.263512
-0.323256
0.023264
-0.11834
0.440312
0.125312
-0.263512
-0.323256
0.023264
-0.11834
0.440312
0.125312
-0.263512
-0.323256
0.023264
-0.11834
0.440312
0.125312
-0.263512
-0.323256
0.023264
-0.11834
0.440312
0.125312
-0.263512
3.04023
-2.591
1.66513
1.48926
2.54316
-0.680271
10.905
-0.301892
6.13072
-4.93887
7.00087
-3.08173
16.085
4.47026
2.46208
-4.74
7.01371
-5.57615
13.94
3.94433
-0.243072
-3.16045
7.0462
-6.76444
11.2976
2.26417
-1.19997
-2.39431
7.61607
-7.41682
10.3242
1.52829
-0.868071
-2.64883
8.00922
-7.42302
10.3511
1.65308
-0.914244
-2.68721
7.98691
-7.47703
9.74692
2.1389
-1.02512
-3.0432
7.26389
-7.32453
6.35536
3.65952
-1.91342
-2.33334
3.88374
-5.34918
1.47873
1.08194
-1.69997
0.653948
0.381037
-1.78341
-0.323256
0.023264
-0.11834
0.440312
0.125312
-0.263512
-0.323256
0.023264
-0.11834
0.440312
0.125312
-0.263512
-0.323256
0.023264
-0.11834
0.440312
0.125312
-0.263512
-0.323256
0.023264
-0.11834
0.440312
0.125312
-0.263512
-0.323256
0.023264
-0.11834
0.440312
0.125312
-0.263512
-0.323256
0.023264
-0.11834
0.440312
0.125312
-0.263512
-0.00551608
-2.61274
0.715452
-1.88356
-1.10915
2.21948
-0.146509
-2.12448
2.76387
-10.4175
-3.60643
7.48734
1.11969
0.518663
2.81232
-7.23164
-6.25488
8.83721
4.89511
2.14215
5.90289
-6.74254
-4.17264
7.50185
9.17649
4.36082
6.24196
-6.69161
-2.98728
6.12728
10.7713
4.63115
6.596
-7.54476
-2.49566
5.63771
11.5576
4.42108
5.7741
-6.70493
-1.74112
5.25127
14.1926
4.00202
7.07279
-8.61743
1.52731
2.58235
12.5258
10.9299
0.403435
-6.36749
0.913408
-1.71531
4.00047
3.5022
-2.83628
2.04413
-1.74487
-0.957966
-0.323256
0.023264
-0.11834
0.440312
0.125312
-0.263512
-0.323256
0.023264
-0.11834
0.440312
0.125312
-0.263512
-0.323256
0.023264
-0.11834
0.440312
0.125312
-0.263512
-0.323256
0.023264
-0.11834
0.440312
0.125312
-0.263512
-0.323256
0.023264
-0.11834
0.440312
0.125312
-0.263512
-0.323256
0.023264
-0.11834
0.440312
0.125312
-0.263512
-0.922163
-1.46001
-1.38617
-1.76431
-0.28244
0.377967
-2.46694
-3.29073
-2.83355
-4.47021
-1.8451
1.03004
-4.51689
-4.91682
-3.54056
-4.16283
-2.87292
1.02181
-5.46641
-5.91231
-3.83499
-6.39826
-3.999
2.56608
-6.38903
-5.7109
-4.1702
-6.15954
-5.08317
3.63628
-6.49411
-5.94045
-4.1411
-6.67081
-5.15507
4.30417
-2.27333
-9.14467
-2.61325
-4.97593
-2.03065
3.17492
4.56473
-3.85062
3.90229
-17.2563
0.692592
2.33885
4.3571
6.97461
-3.92646
-3.78445
-4.93719
1.09381
-0.694604
1.0748
-1.73037
3.29499
-2.28624
0.11954
-0.323256
0.023264
-0.11834
0.440312
0.125312
-0.263512
-0.323256
0.023264
-0.11834
0.440312
0.125312
-0.263512
-0.323256
0.023264
-0.11834
0.440312
0.125312
-0.263512
-0.323256
0.023264
-0.11834
0.440312
0.125312
-0.263512
-0.323256
0.023264
-0.11834
0.440312
0.125312
-0.263512
-0.323256
0.023264
-0.11834
0.440312
0.125312
-0.263512
-0.323256
0.023264
-0.11834
0.440312
0.125312
-0.263512
-0.323256
0.023264
-0.11834
0.440312
0.125312
-0.263512
-0.324317
0.0033793
-0.140297
0.412137
0.124972
-0.258679
-0.431002
-0.241356
-0.319321
0.0587094
0.0651999
-0.230804
-0.601187
-0.474706
-0.472669
-0.0587833
-0.0823432
-0.289252
0.886349
-2.59116
-0.327702
1.03626
1.59196
-0.738819
7.82961
-5.36849
5.15439
-7.00054
4.53038
-0.483532
8.68903
4.38056
1.12147
-18.133
-0.0326164
2.19173
1.06776
3.84172
-4.65253
2.09658
-6.36659
1.19461
-1.339
-0.435929
-0.382494
1.89927
-0.395671
-0.605257
-0.323256
0.023264
-0.11834
0.440312
0.125312
-0.263512
-0.323256
0.023264
-0.11834
0.440312
0.125312
-0.263512
-0.323256
0.023264
-0.11834
0.440312
0.125312
-0.263512
-0.323256
0.023264
-0.11834
0.440312
0.125312
-0.263512
-0.323256
0.023264
-0.11834
0.440312
0.125312
-0.263512
-0.323256
0.023264
-0.11834
0.440312
0.125312
-0.263512
-0.323256
0.023264
-0.11834
0.440312
0.125312
-0.263512
-0.323256
0.023264
-0.11834
0.440312
0.125312
-0.263512
-0.323256
0.023264
-0.11834
0.440312
0.125312
-0.263512
-0.323256
0.023264
-0.11834
0.440312
0.125312
-0.263512
-0.282291
-0.163114
-0.193993
0.587059
0.335064
-0.301593
3.90171
-4.53474
1.77731
0.73624
2.98095
-0.286323
8.10801
-1.2799
5.5099
-18.1296
3.23554
2.32891
4.3431
5.97529
-5.23531
-6.58722
-5.96315
2.50068
-2.32445
-0.176964
-1.74074
3.63816
-2.76559
-0.176993
-0.532581
-0.0957247
-0.129454
0.684819
0.115555
-0.358559
-0.323256
0.023264
-0.11834
0.440312
0.125312
-0.263512
-0.323256
0.023264
-0.11834
0.440312
0.125312
-0.263512
-0.323256
0.023264
-0.11834
0.440312
0.125312
-0.263512
-0.323256
0.023264
-0.11834
0.440312
0.125312
-0.263512
-0.323256
0.023264
-0.11834
0.440312
0.125312
-0.263512
-0.323256
0.023264
-0.11834
0.440312
0.125312
-0.263512
-0.323256
0.023264
-0.11834
0.440312
0.125312
-0.263512
-0.323256
0.023264
-0.11834
0.440312
0.125312
-0.263512
-0.323256
0.023264
-0.11834
0.440312
0.125312
-0.263512
-0.320685
-0.00154694
-0.130422
0.459374
0.153341
-0.269097
1.58185
-2.18109
0.0802149
1.67903
2.31804
-0.940651
8.22181
-4.51907
4.80414
-7.79265
5.12204
-0.764493
7.97912
4.43403
-0.264309
-16.9927
-0.379695
1.77728
0.135968
2.87474
-4.40039
2.95786
-5.82264
0.76945
-1.27939
-0.457515
-0.238939
1.57555
-0.120969
-0.590352
-0.323256
0.023264
-0.11834
0.440312
0.125312
-0.263512
-0.323256
0.023264
-0.11834
0.440312
0.125312
-0.263512
-0.323256
0.023264
-0.11834
0.440312
0.125312
-0.263512
-0.323256
0.023264
-0.11834
0.440312
0.125312
-0.263512
-0.323256
0.023264
-0.11834
0.440312
0.125312
-0.263512
-0.323256
0.023264
-0.11834
0.440312
0.125312
-0.263512
-0.323256
0.023264
-0.11834
0.440312
0.125312
-0.263512
-0.323256
0.023264
-0.11834
0.440312
0.125312
-0.263512
-0.323256
0.023264
-0.11834
0.440312
0.125312
-0.263512
-0.323256
0.023264
-0.11834
0.440312
0.125312
-0.263512
0.379202
-0.966139
-0.175978
1.22157
1.17516
-0.43451
7.0427
-4.70556
3.91217
-1.52648
5.01796
-1.51446
10.9967
1.85772
4.71088
-18.6198
3.52422
1.12059
4.38589
6.18548
-5.07809
-4.60878
-6.31819
2.60282
-2.04146
-0.161783
-1.3578
3.42287
-2.1843
-0.32578
-0.396011
-0.0235693
-0.117259
0.529575
0.128759
-0.321363
-0.323256
0.023264
-0.11834
0.440312
0.125312
-0.263512
-0.323256
0.023264
-0.11834
0.440312
0.125312
-0.263512
-0.323256
0.023264
-0.11834
0.440312
0.125312
-0.263512
-0.323256
0.023264
-0.11834
0.440312
0.125312
-0.263512
-0.323256
0.023264
-0.11834
0.440312
0.125312
-0.263512
-0.323256
0.023264
-0.11834
0.440312
0.125312
-0.263512
-0.323256
0.023264
-0.11834
0.440312
0.125312
-0.263512
-0.323256
0.023264
-0.11834
0.440312
0.125312
-0.263512
-0.323256
0.023264
-0.11834
0.440312
0.125312
-0.263512
-0.222891
-0.225648
-0.187515
0.643788
0.403756
-0.306207
3.74577
-3.87948
1.20014
1.47343
3.55201
-1.25957
9.83647
-2.0647
6.41304
-14.8044
4.85889
0.648961
6.39715
5.9175
-3.49796
-13.0057
-4.42867
3.54905
-1.94928
1.21979
-3.3403
3.15859
-5.21945
1.03512
-1.17249
-0.436338
-0.200148
1.4266
-0.0441282
-0.597388
-0.323256
0.023264
-0.11834
0.440312
0.125312
-0.263512
-0.323256
0.023264
-0.11834
0.440312
0.125312
-0.263512
-0.323256
0.023264
-0.11834
0.440312
0.125312
-0.263512
-0.323256
0.023264
-0.11834
0.440312
0.125312
-0.263512
-0.323256
0.023264
-0.11834
0.440312
0.125312
-0.263512
-0.323256
0.023264
-0.11834
0.440312
0.125312
-0.263512
-0.323256
0.023264
-0.11834
0.440312
0.125312
-0.263512
-0.323256
0.023264
-0.11834
0.440312
0.125312
-0.263512
-0.323256
0.023264
-0.11834
0.440312
0.125312
-0.263512
-0.323256
0.023264
-0.11834
0.440312
0.125312
-0.263512
1.32651
-1.89599
0.162704
1.62693
1.82242
-0.619172
9.10791
-5.50301
5.52351
-5.69245
5.89101
-0.555794
11.8489
3.92815
2.28575
-20.9331
2.72352
0.782852
3.84349
5.58989
-6.40041
-0.511707
-5.76734
-0.232487
-1.772
-0.676873
-0.815985
2.56461
-0.899848
-0.909337
-0.36716
-0.00499749
-0.117688
0.494178
0.127392
-0.298422
-0.323256
0.023264
-0.11834
0.440312
0.125312
-0.263512
-0.323256
0.023264
-0.11834
0.440312
0.125312
-0.263512
-0.323256
0.023264
-0.11834
0.440312
0.125312
-0.263512
-0.323256
0.023264
-0.11834
0.440312
0.125312
-0.263512
-0.323256
0.023264
-0.11834
0.440312
0.125312
-0.263512
-0.323256
0.023264
-0.11834
0.440312
0.125312
-0.263512
-0.323256
0.023264
-0.11834
0.440312
0.125312
-0.263512
-0.323256
0.023264
-0.11834
0.440312
0.125312
-0.263512
-0.323256
0.023264
-0.11834
0.440312
0.125312
-0.263512
-0.323256
0.023264
-0.11834
0.440312
0.125312
-0.263512
2.60714
-3.19916
1.77299
0.637307
1.01218
0.83101
7.92438
-4.48502
7.07537
-15.5988
1.35566
5.01016
7.25711
6.52593
0.121895
-13.5285
-5.24457
5.36266
0.402543
3.46486
-3.11717
4.14551
-5.11755
0.758531
-0.455052
0.0446355
-0.278008
0.947522
-0.126204
-0.300835
-0.323256
0.023264
-0.11834
0.440312
0.125312
-0.263512
-0.323256
0.023264
-0.11834
0.440312
0.125312
-0.263512
-0.323256
0.023264
-0.11834
0.440312
0.125312
-0.263512
-0.323256
0.023264
-0.11834
0.440312
0.125312
-0.263512
-0.323256
0.023264
-0.11834
0.440312
0.125312
-0.263512
-0.323256
0.023264
-0.11834
0.440312
0.125312
-0.263512
-0.323256
0.023264
-0.11834
0.440312
0.125312
-0.263512
-0.323256
0.023264
-0.11834
0.440312
0.125312
-0.263512
-0.323256
0.023264
-0.11834
0.440312
0.125312
-0.263512
-0.323256
0.023264
-0.11834
0.440312
0.125312
-0.263512
-0.323256
0.023264
-0.11834
0.440312
0.125312
-0.263512
-1.10233
-2.45441
-1.12519
-2.48662
-1.24784
1.90911
-3.87198
-4.88875
-1.87614
-12.3069
-4.37787
6.73143
-5.63708
-1.2132
-3.41628
-2.99855
-6.29972
3.88879
-3.12753
-1.02827
-0.911563
2.95711
-1.6473
-0.416222
-0.484131
-0.0659689
-0.128881
0.626494
0.115048
-0.326524
-0.323256
0.023264
-0.11834
0.440312
0.125312
-0.263512
-0.323256
0.023264
-0.11834
0.440312
0.125312
-0.263512
-0.323256
0.023264
-0.11834
0.440312
0.125312
-0.263512
-0.323256
0.023264
-0.11834
0.440312
0.125312
-0.263512
-0.323256
0.023264
-0.11834
0.440312
0.125312
-0.263512
-0.323256
0.023264
-0.11834
0.440312
0.125312
-0.263512
-0.323256
0.023264
-0.11834
0.440312
0.125312
-0.263512
-0.323256
0.023264
-0.11834
0.440312
0.125312
-0.263512
-0.323256
0.023264
-0.11834
0.440312
0.125312
-0.263512
-0.323256
0.023264
-0.11834
0.440312
0.125312
-0.263512
-0.323256
0.023264
-0.11834
0.440312
0.125312
-0.263512
-0.479756
-0.64215
-0.710333
-0.51084
0.0606531
-0.143209
-1.2505
-1.59539
-1.34067
-1.65671
-0.634902
-0.220401
-1.54958
-1.08934
-0.428347
0.805521
-0.543362
-0.954164
-0.628315
-0.180718
-0.113592
0.792061
0.122014
-0.500669
-0.323256
0.023264
-0.11834
0.440312
0.125312
-0.263512
-0.323256
0.023264
-0.11834
0.440312
0.125312
-0.263512
-0.323256
0.023264
-0.11834
0.440312
0.125312
-0.263512
-0.323256
0.023264
-0.11834
0.440312
0.125312
-0.263512
-0.323256
0.023264
-0.11834
0.440312
0.125312
-0.263512
-0.323256
0.023264
-0.11834
0.440312
0.125312
-0.263512
-0.323256
0.023264
-0.11834
0.440312
0.125312
-0.263512
