-5.60727
1.62208
9.59053
2.42086
28.3135
-10.7308
-11.1415
-13.5762
-6.81137
5.15861
2.73717
40.6468
49.2218
30.0779
-23.2427
43.1513
-20.6683
-32.7755
-14.4561
-41.3663
110.27
0.434182
-37.0652
-50.2284
41.6738
17.3435
-56.2312
46.6621
107.642
48.2123
-88.8653
73.9249
-50.5111
-76.8597
20.2023
-39.4154
103.993
-17.1274
-49.5339
-64.0031
78.1661
10.8934
-75.7478
29.044
86.0595
49.2011
-104.353
41.7537
-35.5012
-64.2387
27.7849
-45.6686
78.5185
-6.508
-46.8
-45.5125
86.8894
10.1608
-89.2072
46.0426
70.0094
38.9274
-97.3079
62.634
-23.2784
-41.3079
16.6443
-24.6492
45.1407
-3.53047
-31.8686
-41.9939
87.4426
-1.45055
-97.3162
20.4488
2.36319
21.3823
-72.7575
48.8297
-9.45578
-4.9023
10.3169
-0.26742
-11.8534
-2.75597
-7.65709
-25.4497
47.6261
5.26703
-35.7972
-12.0565
-7.12665
18.1544
2.24313
-8.4927
-0.709341
-17.7823
-22.8478
15.2837
-114.19
-15.6042
5.82784
80.8463
-37.4133
4.54334
-8.7042
-23.177
-87.7126
-37.2429
75.8348
40.8303
-36.8568
28.6146
-69.8909
15.537
-122.363
-24.4894
2.23259
222.123
-71.4244
-79.1795
89.4172
-35.1702
-152.789
0.776997
144.704
-24.5662
-63.3715
53.1152
-100.096
78.8806
-92.8977
-64.9733
25.516
260.242
-98.2443
-53.7937
170.894
-55.517
-80.3139
25.7133
138.57
3.72933
-134.405
25.8828
-134.98
43.4581
-40.6118
-69.8934
31.0659
231.447
-84.4626
-7.48769
155.452
-31.0261
16.6944
95.6158
82.3128
59.059
-150.269
-2.57188
-113.508
-13.2308
99.5789
-46.194
-10.1238
99.7429
-3.30191
-28.4252
91.7564
-76.2432
66.8796
87.401
-1.37395
-31.8948
-98.797
-48.2833
-30.4651
44.6307
36.0671
-40.6244
10.4337
16.7503
-4.21884
41.999
47.6729
-42.3683
43.4574
22.6386
-1.58976
-26.4285
40.6935
22.1519
8.91619
-18.6218
29.686
22.3828
28.8567
-33.1411
0.788258
-24.3009
-13.5383
3.71889
34.3901
-25.7577
-39.2726
-4.96298
109.757
46.1238
-15.8709
-70.1277
50.412
38.6261
49.4309
-71.6216
44.0596
-52.554
-44.6132
21.3359
15.26
-105.094
-57.4113
-45.3305
166.487
25.513
27.8727
-57.0661
32.317
29.7374
23.5844
-51.2821
39.7153
-110.937
-43.858
96.9472
-46.8331
-129.487
-36.948
-31.8606
164.462
27.4322
-114.53
-34.297
1.93502
75.2826
30.1761
25.3934
19.2849
-77.8861
-155.913
104.455
-99.4966
-98.4431
15.7048
49.8523
48.8522
27.2072
10.1716
2.76827
100.963
6.84127
-17.1879
61.3844
49.5102
-221
63.3288
17.1749
-111.183
-22.0518
32.9119
-180.774
32.2714
-25.3552
4.41215
92.9053
-2.56024
-30.0887
-0.703848
52.4219
-32.5685
8.12573
26.3755
31.1759
-19.8592
-13.9023
43.9572
23.387
-6.97175
2.03465
6.93582
4.02699
-2.86817
1.4317
-0.74949
-2.72275
-0.393845
4.11752
5.91713
-4.10403
-0.044303
6.4413
2.83936
0.535295
-15.5064
-1.44628
19.4109
-5.34633
-11.829
-17.5623
-15.4838
5.66304
-1.64788
5.99368
35.1125
-7.34644
14.3526
1.20908
1.3153
-6.22669
-17.4396
-1.25139
-2.95985
-8.13943
-35.6888
-49.553
-0.849159
49.5425
-21.104
39.0143
2.32238
36.0882
48.2104
23.672
-35.0083
186.18
-34.7357
36.9586
-151.13
-148.977
27.5446
24.0424
-26.4459
43.5878
38.2544
-61.8052
-11.9179
-46.846
-26.8314
-11.3483
0.385172
-137.119
9.71113
41.674
1.91496
62.9148
75.7352
-9.07673
8.31376
41.9157
17.6732
-32.8778
94.7033
-6.63727
11.8131
-61.8182
-32.1686
-50.2668
11.5726
-15.6213
-13.0667
-19.8423
-45.4461
-7.95922
-4.70028
-3.46174
0.14793
19.8884
-7.94139
6.98201
-17.078
-7.16733
17.449
9.89249
-3.51943
-3.83406
6.88832
2.14867
-1.24326
4.27152
-0.797049
-8.16146
-0.267319
1.0842
-1.8502
-2.1239
0.78511
1.99317
0.35896
0.102803
4.16399
-5.53069
34.7962
6.36414
-9.58497
-47.4578
-8.06422
20.5848
-8.93408
-5.81613
23.8552
43.2881
24.3322
15.3525
-16.5042
86.5466
-19.2823
-18.3018
-140.185
-63.4403
-1.19072
29.4323
-14.8771
68.1442
-10.7514
0.841722
-111.878
-1.40587
3.67672
11.7764
20.5614
83.766
-23.9424
45.7161
-12.2423
-17.772
122.958
-28.0304
18.4621
68.5402
57.0255
-153.431
120.37
-29.7133
-30.6701
-21.8204
-37.2405
-182.57
42.3765
-9.72834
-15.4118
41.5656
-37.3517
-5.78937
-17.0556
30.3232
-7.78812
42.6461
22.8857
20.6773
-16.6322
-37.8894
29.1405
17.0939
-11.6343
0.547791
0.0878624
-10.6661
-4.22622
-1.70871
1.54618
-12.8833
-1.69131
3.14217
-8.70545
-3.02968
4.79135
3.4255
-2.01593
6.28715
-0.903931
-4.13404
9.67346
3.38539
-3.18049
-1.99171
1.27099
-3.57767
3.67717
0.24168
1.07998
-2.14989
-5.39898
1.64211
-1.71086
11.351
23.314
-3.0304
-20.6373
31.4676
-119.474
-27.1701
20.7848
80.7231
-63.7146
-1.38853
-25.8847
-22.0056
-65.6609
-36.8483
78.1184
104.305
4.59041
69.8571
-130.115
-109.537
28.4043
32.103
19.5002
153.353
-14.3157
-149.86
99.372
-25.3644
-87.8264
-26.2296
72.9905
-201.217
34.5816
45.8508
2.99342
117.917
48.7698
-18.6477
18.2883
75.6356
-28.1033
-24.6338
113.799
23.04
10.5412
-60.3232
-8.4931
-10.3716
-2.46306
-14.4476
-13.8181
-28.2523
-38.6274
-9.45482
-1.95565
-5.90466
0.320772
18.5504
-6.57554
1.54879
-10.2152
-4.49709
11.3772
8.57612
-5.88877
-1.25689
4.94664
2.05923
-0.25913
5.42733
1.02657
-9.36445
-1.86797
3.10556
-5.62838
-2.41207
2.71148
4.61393
-1.25433
3.62419
