-0.445014
0.069358
0.353498
0.400835
0.182918
-0.517964
0.537704
-0.480624
-0.345439
0.081367
-0.108325
0.424685
0.215275
-0.037712
0.060242
0.246857
0.397610
0.167995
-0.114142
-0.033365
-0.029495
-0.022675
-0.245550
0.657068
-0.359217
-0.323322
0.061507
0.525215
-0.010093
-0.151200
0.412090
0.469299
-0.190984
-0.286549
-0.224058
-0.150923
0.253761
-0.446212
-0.483705
0.374281
-0.000678
0.400214
0.238910
0.084469
-0.290399
0.119559
0.229524
0.125800
-0.268565
0.184974
-0.054162
0.511897
0.075827
-0.285160
-0.076725
-0.337377
-0.437905
0.352692
0.313991
0.309167
0.648788
0.052009
0.471914
0.113902
-0.421384
-0.374377
-0.361502
-0.040138
0.146460
0.183386
0.435262
0.271925
0.244453
-0.353803
-0.672674
0.229382
0.442186
0.053503
-0.236620
0.664964
0.352292
-0.499358
0.528985
-0.156667
0.472108
0.423818
0.077623
-0.529409
0.303245
0.106261
0.103068
0.366162
0.250304
-0.120321
0.089463
0.350451
-0.358557
0.165744
0.423857
0.455510
-0.132109
-0.058604
-0.147217
0.386752
-0.090385
-0.255232
0.302090
-0.385810
0.108757
0.320138
-0.394238
-0.456130
-0.592096
0.646153
0.260577
0.566941
0.250575
0.176588
0.394449
0.231854
0.147166
-0.508345
0.108681
0.373136
-0.306082
-0.350106
-0.217616
-0.439658
0.399225
0.073910
-0.188476
0.108430
0.589727
0.325586
0.276283
0.355141
-0.081212
-0.453766
-0.010001
-0.704353
-0.457962
0.009097
0.058879
-0.234669
-0.163898
0.340202
0.068641
-0.097380
0.193439
-0.407071
0.429179
-0.208962
-0.462147
-0.339918
-0.044970
0.402344
0.306986
-0.199551
-0.081730
0.113457
-0.187518
-0.232688
0.362829
-0.165858
-0.084189
0.069811
-0.043582
0.012365
-0.075791
0.142451
-0.288883
0.504106
-0.203667
0.067766
0.524361
-0.340818
0.356476
-0.126747
0.324267
0.574560
-0.591162
-0.093063
-0.390728
-0.281674
-0.038810
0.342379
0.570127
0.059552
0.053215
-0.004819
-0.391558
-0.007734
0.074463
0.383988
-0.386610
0.397110
-0.336748
0.015541
-0.722179
-0.159617
-0.397624
-0.061222
0.073452
0.184634
-0.282269
0.168035
-0.346451
-0.333927
-0.337330
0.516118
0.407762
-0.397819
-0.018164
0.241964
-0.095323
0.215737
-0.293373
0.404468
0.313980
-0.348250
0.107162
0.565599
-0.081555
-0.359843
-0.601732
0.192729
0.229971
-0.378591
0.420175
-0.167044
0.257335
-0.397780
0.405136
-0.117708
0.446927
-0.239915
0.099863
0.388233
0.514225
-0.159977
-0.421783
0.401295
-0.689625
-0.152988
-0.389091
0.180691
0.233757
0.362861
-0.383202
-0.008869
-0.369131
0.372624
0.093016
-0.207428
-0.006859
0.116120
-0.391666
-0.442877
-0.301751
0.421915
0.221779
0.086434
0.443605
-0.452671
-0.137517
0.064567
-0.426881
-0.332242
0.463043
-0.318511
-0.360134
-0.192997
0.068406
0.551717
-0.118527
-0.652380
-0.203576
-0.200960
0.083282
0.243302
-0.435746
-0.410924
0.222183
0.409106
-0.517307
-0.133650
-0.398477
0.102674
0.120420
-0.014414
0.036601
-0.205650
0.121810
-0.301709
-0.166468
-0.496148
-0.009642
0.322899
0.269525
-0.398068
-0.346527
0.229960
-0.108746
0.064548
-0.005295
-0.065395
0.232638
0.395040
-0.156455
0.118640
0.345027
0.305848
0.088847
-0.272328
-0.677065
0.560345
0.009816
-0.071589
-0.426861
-0.525149
0.240464
-0.092789
0.337170
-0.234656
-0.527555
-0.473893
0.602056
0.207252
-0.434443
0.335550
-0.159786
-0.362375
-0.513416
0.406398
0.035808
-0.314156
0.474723
-0.041974
-0.257543
-0.114281
-0.330948
-0.004775
0.276394
0.004205
-0.386166
0.206707
-0.647993
0.049318
0.159881
-0.252212
-0.376779
0.435227
-0.048893
-0.188460
-0.304760
0.199798
-0.434068
-0.309383
0.654401
0.304448
-0.261209
-0.070532
0.352501
0.148537
-0.158228
-0.052724
0.087452
-0.213748
0.353485
-0.342285
-0.141497
0.427654
-0.340211
0.067977
0.101064
-0.277978
-0.189001
-0.227006
-0.208048
0.134981
0.711723
0.379017
-0.151658
-0.213930
0.524453
-0.281136
-0.209165
-0.556508
-0.385970
0.041817
0.152919
0.178673
0.080558
-0.522823
-0.375645
-0.354628
0.164921
0.426586
0.170726
-0.268918
-0.387078
0.289457
0.310301
0.043724
-0.495264
-0.265915
-0.315890
0.396275
0.320029
0.181730
-0.152052
-0.180326
0.275710
0.071076
0.488257
-0.274291
-0.010047
0.511588
-0.084284
-0.010533
0.112745
-0.014526
-0.417527
-0.094820
0.141104
-0.295540
-0.419459
0.147550
0.196063
0.174609
0.094923
-0.357559
0.459356
0.092727
-0.349066
-0.475610
0.105416
0.193299
-0.402877
0.258835
-0.401792
0.085351
-0.173433
0.054919
0.361561
-0.541616
0.283176
-0.464619
0.421419
0.216611
0.597686
0.146600
-0.313637
0.000994
-0.164161
-0.652573
-0.108228
-0.261896
0.379818
0.667788
0.459789
-0.366777
0.417358
0.287194
-0.370726
-0.493194
0.104752
0.494594
-0.312616
-0.446303
0.067402
0.057296
0.122364
0.256610
0.194512
0.353114
-0.007361
0.288388
-0.424287
-0.034837
-0.298639
-0.431862
0.342684
0.425126
0.001407
-0.184674
0.292968
0.052297
0.064750
0.119437
-0.587521
-0.193362
0.604766
0.157544
0.472672
0.067282
-0.414954
0.228015
-0.135215
-0.293582
-0.598492
0.095955
-0.411620
-0.416744
0.128288
0.427498
0.481003
0.252982
0.649269
-0.105097
0.112707
-0.394339
0.011511
-0.574816
0.519396
0.116169
0.237075
-0.233718
0.162343
0.175941
0.183184
0.355296
0.409765
0.113689
-0.007343
0.025225
0.162221
-0.250391
-0.520701
-0.331815
-0.247519
0.115098
0.160730
0.496317
0.319151
-0.042387
-0.249732
0.090507
0.672344
0.176421
-0.161968
-0.354382
-0.076542
0.325372
0.016835
0.363571
0.162404
0.340931
0.170897
-0.303326
0.657358
0.544490
0.153828
-0.293282
-0.472460
0.339741
0.206371
0.394581
-0.346200
0.121940
0.643555
0.025027
-0.544556
-0.081714
0.426420
-0.176466
0.046338
0.140210
0.031256
-0.388569
-0.187777
-0.226367
0.257332
0.177103
-0.645532
0.289511
0.109111
0.187800
0.203666
-0.216757
0.161853
-0.762102
0.126626
0.073570
0.189796
-0.149679
0.117692
0.234210
-0.399162
-0.073182
-0.328276
-0.469511
-0.166060
-0.016901
0.553574
0.188871
0.429440
0.448802
0.023923
-0.240912
0.055010
0.538213
-0.017997
-0.315339
-0.547574
-0.409636
0.137588
-0.294081
0.109980
-0.483634
0.216529
-0.366748
0.278969
0.186508
0.501532
-0.176840
-0.167530
0.287674
0.020314
-0.168062
0.294150
-0.150608
-0.021536
0.370182
0.079738
0.201917
-0.287075
0.296100
-0.497825
0.248689
-0.469361
0.242008
-0.165115
0.329747
-0.293595
0.250587
0.484325
-0.024516
0.181513
0.234893
0.394928
-0.079523
0.458059
-0.387705
-0.584916
0.475106
0.383542
-0.135664
-0.200675
-0.163564
-0.345437
0.144581
0.154571
0.361884
0.286635
0.328488
-0.119744
0.145132
0.083410
-0.464195
0.274742
-0.433261
0.297601
0.508585
-0.298442
-0.269116
-0.193884
0.348961
0.034102
0.258454
0.248285
0.352877
0.176435
-0.197333
0.447821
0.019751
0.128854
0.075941
0.102123
-0.015119
-0.391011
-0.131051
0.076914
-0.295686
-0.209824
0.272160
0.548108
0.147159
0.208260
0.236838
0.577156
-0.278796
-0.210456
0.326265
-0.265333
-0.329637
0.428614
-0.329803
0.079063
-0.460453
0.277191
0.148800
-0.370014
0.216000
0.215214
-0.132094
0.388926
0.105753
-0.057286
0.562458
0.172716
-0.424976
0.367284
0.320423
0.199555
0.100874
0.024723
-0.119398
0.085507
-0.163943
0.218301
0.190446
0.052697
0.275567
-0.127898
-0.065102
-0.355369
0.425797
0.323589
-0.197239
0.527864
0.019702
-0.048924
-0.373127
0.265453
0.008598
0.398124
-0.366380
-0.274135
0.449258
0.595981
0.603229
-0.245355
-0.296807
-0.403445
0.042125
0.066578
-0.032338
-0.097951
0.071274
-0.033959
-0.084629
0.428158
0.285329
0.309071
0.485709
-0.345568
-0.304174
-0.143597
0.278342
0.192747
0.519511
0.008046
-0.065574
-0.506498
0.257170
-0.453837
0.054322
-0.302410
-0.330425
0.373499
0.235964
-0.346683
-0.153831
-0.628677
-0.378800
0.614988
0.121489
0.222779
0.586623
-0.268385
0.112425
-0.202283
0.079548
0.370038
-0.050803
-0.023418
-0.329957
-0.067925
-0.275031
-0.006267
0.091795
0.455456
-0.091868
0.277348
-0.247198
0.034429
-0.195144
-0.304319
0.093386
-0.002003
-0.274597
-0.085427
0.099715
0.040837
0.479920
0.278144
-0.294392
0.299754
-0.139526
0.256553
0.350951
0.408453
-0.161748
-0.130967
0.331435
-0.226763
0.225765
-0.018360
-0.109437
-0.685710
0.377078
-0.335898
-0.000341
0.126647
-0.121860
0.065220
-0.226336
0.141247
0.405505
-0.004026
0.032430
0.198024
-0.067957
-0.458257
-0.357450
-0.116837
-0.474066
0.117367
-0.524037
