-0.102839
-0.021566
-0.136890
-0.116211
-0.103127
-0.034679
-0.031405
0.175772
0.199484
0.034135
0.025090
0.008348
-0.053769
0.080549
-0.154339
-0.282297
-0.106267
-0.022369
-0.090306
-0.000530
0.009997
-0.154289
-0.022015
0.028459
0.106762
0.120456
0.000612
-0.066110
-0.046123
0.050747
0.079749
0.069705
-0.175508
0.050303
-0.099860
-0.079132
0.068197
0.000557
-0.043751
0.142942
-0.056924
0.017247
0.068581
-0.103043
-0.063761
-0.087878
-0.025912
0.192461
-0.134056
-0.043167
0.210459
-0.095384
-0.022324
-0.140463
0.023957
-0.044068
-0.179842
0.166866
0.043796
-0.066835
-0.173662
-0.196002
0.007704
-0.017661
0.022406
-0.014983
0.032525
-0.024441
-0.066757
-0.025624
0.051830
-0.000375
0.047431
0.004143
0.106860
0.126811
-0.266709
-0.014197
-0.060882
0.009858
-0.155384
-0.019725
-0.194348
-0.029838
