-0.319869
-0.205905
0.004751
0.392450
0.015153
-0.254343
-0.323313
-0.315928
0.007871
0.077486
-0.236138
-0.180441
-0.171842
-0.232243
-0.357238
-0.343362
-0.289630
0.008561
-0.280490
-0.477932
-0.226848
-0.694718
-0.120437
0.028862
-0.015915
-0.298269
-0.329359
-0.422621
-0.005107
0.072493
-0.289876
-0.095277
-0.078126
0.284276
-0.100282
0.183287
-0.168560
0.328674
-0.245292
0.039653
-0.417620
0.415221
-0.179981
-0.009791
-0.132583
-0.459173
-0.226361
0.686550
-0.237579
-0.319066
0.076681
-0.913746
-0.172520
0.370229
-0.250197
-0.125818
-0.256832
-0.124435
-0.299759
0.457474
0.235414
0.436967
-0.223029
0.235552
-0.474473
0.173338
0.024400
0.625160
-0.030616
0.031124
-0.296053
0.128731
-0.029359
0.307989
0.525855
-0.964415
-0.211177
0.482090
0.235185
-0.074374
0.784032
-0.626761
0.036400
0.465191
0.212963
-0.432053
0.232115
0.151731
-0.166952
0.028340
0.723557
0.251638
-0.321938
0.302346
-0.309131
-0.040407
1.075369
0.659731
0.157911
-0.237075
0.254660
-0.062907
1.109925
0.366617
0.361050
-0.681191
0.391397
-0.334013
0.652138
-0.049750
0.847461
-0.369606
0.263033
-0.061669
0.643003
-0.285881
0.288843
0.320297
0.300330
0.045316
0.311664
0.178907
-0.508530
0.123071
0.046280
-0.436205
0.265478
0.362424
-0.139588
-0.396497
0.479615
-0.555368
0.294183
0.155584
0.136770
-0.520578
0.575663
-0.375981
0.274678
-0.336299
-0.143556
-0.049451
0.370317
-0.410450
0.034511
-0.332988
-0.162157
0.255836
0.376176
-0.074951
