0.007601
-0.310420
0.137850
0.069840
0.045911
-0.128310
0.028587
0.133376
-0.052468
-0.104972
0.025442
0.159108
-0.036127
0.135652
0.165309
0.026599
0.067824
0.244215
0.071123
0.177941
0.065165
-0.438190
0.186365
0.223250
0.024297
-0.012422
0.160548
-0.110600
-0.090216
-0.055489
0.150770
-0.079260
0.319001
-0.238177
0.252633
0.218680
-0.158014
0.142355
0.075881
-0.043299
0.203694
0.078678
-0.152874
0.074833
-0.271367
0.030530
0.089006
-0.248992
-0.055038
-0.132034
0.111219
0.271444
0.092877
-0.272075
-0.116005
-0.061345
-0.133816
-0.036668
-0.210920
0.037506
0.263909
0.203295
0.136991
0.075874
0.162270
-0.182364
0.215472
0.292568
-0.020750
0.017452
0.021691
0.025484
0.041456
-0.087054
0.036305
-0.147471
-0.071146
0.182659
0.103657
-0.146260
0.147113
0.084271
-0.106321
-0.020046
-0.153414
0.193150
-0.037322
-0.172555
0.108007
0.233341
-0.022907
0.227056
0.024563
0.027084
-0.120105
-0.069514
0.067462
-0.291865
0.287820
0.238266
-0.112937
0.076370
0.018782
0.154656
0.113357
-0.141847
0.013385
0.288587
-0.129275
0.177257
0.136117
0.060532
0.142112
-0.096982
0.071136
0.467868
-0.328086
-0.112366
0.025643
0.010529
0.029581
0.054331
-0.115048
0.044288
-0.340495
0.079084
0.392604
-0.070236
0.258632
0.199350
-0.182362
-0.076012
0.342421
0.236664
0.041241
0.093749
0.178450
-0.208186
-0.005194
0.093906
-0.007214
-0.310154
-0.071540
-0.198538
-0.036994
-0.152127
0.134858
0.241029
0.089114
-0.006391
0.070027
-0.060127
-0.145722
-0.016809
-0.228266
0.167672
0.055795
0.276170
0.161938
0.139033
0.158715
0.130062
0.037145
0.372333
0.449987
0.363351
0.069441
0.141393
-0.126291
-0.385957
0.034307
-0.008454
-0.082969
0.048613
0.006291
0.095647
0.031951
-0.051624
-0.094156
-0.410670
-0.192500
-0.002262
-0.018572
-0.045736
0.147117
0.223240
-0.056279
0.057428
0.117330
-0.122615
0.025061
0.013283
0.219470
-0.108598
-0.006770
0.113947
0.246510
0.243317
0.073200
0.149964
0.250452
-0.290712
-0.151098
0.344172
-0.140568
-0.110785
-0.036053
-0.086532
0.363293
0.345485
0.067015
0.033837
-0.038478
0.101787
0.128142
-0.018100
0.289596
-0.048136
-0.071918
-0.135615
-0.154611
-0.371179
0.162729
-0.131289
0.270411
0.236797
-0.182435
-0.443434
0.086403
-0.087859
0.278539
-0.000116
0.411009
0.094225
-0.023800
-0.083887
0.043161
-0.341983
-0.241246
-0.170255
0.047251
-0.202940
0.120241
0.240196
-0.010017
0.225385
-0.145806
-0.130478
-0.216910
0.060300
-0.165633
0.259885
-0.018435
0.350264
0.103343
0.152639
0.154454
-0.053019
-0.052286
0.000912
0.286493
0.019349
0.050935
-0.104259
-0.037123
-0.456278
-0.085680
-0.007581
-0.189525
-0.090218
0.060908
-0.011055
-0.070972
-0.102810
-0.084858
-0.136875
-0.320793
-0.040393
0.139422
0.123513
0.007588
0.445912
0.028005
-0.126133
0.327001
-0.146521
-0.059578
-0.132602
0.152138
-0.088280
0.036103
-0.078077
0.082584
0.304788
0.195711
0.088734
0.068749
-0.330144
-0.149006
0.296368
-0.106441
-0.116151
0.038396
-0.127904
0.249965
0.323657
-0.185295
-0.475286
-0.069405
-0.040262
0.419966
-0.076895
0.499949
0.089944
-0.014086
0.038208
-0.157878
-0.429655
-0.000654
-0.122386
0.209939
0.112962
-0.093780
-0.066737
0.111916
0.136470
0.212813
-0.022222
-0.003576
0.144594
0.015182
-0.153544
0.124883
-0.012469
-0.392413
-0.036970
-0.245595
-0.396989
0.178945
0.163394
0.063079
0.049959
-0.217174
-0.084029
-0.120067
-0.021104
-0.205711
-0.020141
0.017028
0.185780
0.094416
0.157045
-0.026673
-0.145348
-0.084480
-0.002051
0.183543
0.116697
-0.105524
-0.246574
-0.190797
-0.253977
-0.300763
0.064909
-0.156220
0.102347
0.037525
0.143105
0.016829
-0.123797
0.245462
0.210736
-0.231687
-0.002717
0.148503
0.440216
0.181638
0.273060
0.320351
-0.232160
0.318735
0.016276
0.162998
-0.007237
0.202753
-0.235726
-0.075410
-0.121136
-0.072506
0.173240
0.152250
0.107893
-0.000197
-0.193688
-0.162510
0.092647
0.202851
-0.128880
-0.086921
0.107214
0.289300
0.200858
-0.274284
-0.189815
-0.017970
0.353977
0.275272
-0.154873
0.264668
0.107079
-0.120830
-0.082578
-0.089473
-0.210594
-0.480322
-0.488103
0.086302
0.138374
0.244338
0.200377
0.070544
0.055581
0.073363
-0.106126
-0.159108
0.027644
-0.148898
0.018411
0.353729
-0.226187
-0.015771
0.461895
-0.175416
-0.441880
0.018054
0.166809
-0.008772
-0.176296
-0.238955
0.012290
-0.157982
0.137060
-0.078134
-0.028409
0.062208
0.233707
0.214751
0.088992
-0.185638
-0.068219
0.112645
0.052363
-0.083996
-0.144944
-0.097933
-0.130200
-0.285828
-0.105656
-0.380638
0.019668
-0.029813
0.132421
0.103166
0.295986
0.368403
-0.030245
0.195346
0.213554
-0.144442
-0.060525
-0.061883
0.443855
0.140840
0.179362
0.391157
-0.202938
0.154253
-0.097714
0.271611
0.042795
-0.044687
-0.101620
0.027732
0.072976
-0.012860
-0.049768
-0.058243
0.268912
0.014878
-0.190517
0.027221
0.190472
0.031296
0.108647
0.028256
0.264175
-0.105651
-0.117273
-0.275386
-0.185430
-0.061413
-0.577679
0.118035
-0.064784
-0.077009
-0.206546
-0.070823
-0.211910
-0.012647
-0.018087
0.145900
0.044153
0.180620
0.141191
0.307914
0.492434
0.093433
-0.144715
-0.071081
-0.049417
-0.116547
0.154858
-0.018533
0.181575
-0.119936
0.065797
0.149837
-0.002481
-0.187618
-0.079445
0.244220
0.055315
0.026464
-0.150560
0.031037
-0.202823
0.038216
0.000951
-0.212155
-0.000350
0.204865
0.134166
-0.032133
0.061059
0.044378
0.180038
0.038904
0.072058
0.148051
0.087644
0.163620
0.217294
-0.138523
0.069863
0.177122
-0.003694
0.145965
-0.081967
-0.135408
0.104066
0.008308
-0.231854
0.365834
0.269451
-0.030633
0.011601
0.041469
-0.088729
0.227966
-0.167118
-0.318161
0.155613
-0.057328
0.332138
0.088790
-0.186734
0.030778
-0.184586
0.188865
0.268568
0.224816
0.281383
-0.035861
0.323560
-0.171320
-0.195208
0.173211
0.364770
-0.052772
-0.025384
-0.190614
0.217058
0.221147
-0.030819
0.308512
0.699492
-0.189518
-0.042531
0.179742
-0.224982
-0.190400
0.243440
0.002513
0.075192
-0.052066
-0.051575
0.244396
-0.086256
0.240601
0.256212
0.286087
0.113808
0.390353
0.272380
-0.115255
-0.001038
-0.161725
-0.555850
0.061480
0.288047
-0.221490
-0.049597
-0.282612
-0.011978
-0.052399
-0.307965
0.044796
-0.183079
-0.126337
0.133829
-0.081355
-0.000814
0.104440
0.231283
-0.075853
0.211975
0.083420
0.295441
-0.172482
0.113836
-0.299494
0.062007
0.011758
0.039504
0.325141
0.118793
0.206618
0.494535
-0.124881
-0.469832
0.342423
0.040907
0.035140
0.100549
-0.184184
0.083069
0.173540
-0.242489
0.136985
0.009839
-0.041007
0.139540
-0.175293
-0.130235
0.423017
-0.029911
-0.239938
0.141236
-0.056623
0.095434
0.105115
-0.060090
0.143212
-0.114100
0.135737
0.177682
0.181358
0.441638
-0.099583
0.546940
-0.061537
-0.370792
0.109403
0.505763
-0.223926
-0.005287
0.100179
-0.213652
0.423175
0.278434
0.411295
0.476937
0.270706
0.214261
0.058399
0.053857
-0.349590
-0.460129
-0.064414
0.299332
-0.143007
-0.089508
-0.087508
0.060099
0.058427
0.007245
-0.162975
-0.350976
-0.012702
0.123820
-0.173340
0.039531
-0.228330
-0.270578
-0.175586
0.300173
-0.312254
-0.121052
0.200253
-0.263621
-0.222384
-0.335655
0.234902
0.032524
0.030979
0.311395
-0.181042
0.017463
-0.052446
0.204038
-0.177833
0.189320
0.217748
0.294311
-0.067575
0.086686
-0.342531
-0.195731
0.095602
-0.013765
-0.136351
-0.029770
-0.034378
0.685326
-0.274425
-0.161811
0.125268
-0.121086
-0.131164
0.151910
0.135370
0.047109
0.535514
-0.029657
-0.155960
-0.181185
0.210000
0.265976
0.095894
-0.447192
0.336504
0.115222
-0.450811
-0.040648
0.001965
-0.159547
-0.087555
-0.129361
-0.158065
-0.351249
-0.082885
-0.012324
-0.022921
0.270011
-0.224836
0.570271
-0.181238
-0.341745
-0.024695
0.385795
-0.300749
-0.006910
0.215462
-0.175927
0.204171
0.200921
0.017140
-0.148504
-0.006666
0.155036
-0.088530
-0.017022
-0.122929
-0.587621
0.018929
0.413676
-0.507184
-0.098815
0.195366
-0.405092
-0.212640
-0.068031
-0.289789
0.117177
-0.185942
-0.028367
-0.271657
-0.051709
-0.419943
0.159711
-0.224434
0.111221
-0.125089
-0.320829
0.286714
-0.105005
-0.294662
-0.282462
0.154812
0.039719
0.061121
0.015024
-0.139140
0.028296
-0.060569
0.218178
0.012407
-0.087457
0.167383
0.254779
-0.048308
0.198580
-0.513030
-0.240333
-0.169184
0.289492
-0.362955
-0.060924
-0.187263
0.568275
-0.329135
0.027434
0.064799
-0.093313
-0.169838
-0.040407
0.351768
0.235480
0.384930
-0.140777
0.172834
-0.049723
0.285776
0.339282
0.096301
-0.262067
0.089962
0.049115
-0.232256
0.108618
0.175849
-0.012532
-0.448146
-0.027567
-0.003110
-0.243422
-0.162616
-0.093713
-0.381679
0.078632
-0.126418
0.392378
-0.041689
-0.085163
-0.198561
0.172454
-0.265939
-0.084836
0.357959
0.104904
-0.199469
0.012150
-0.315734
-0.141176
-0.246913
0.298740
-0.123867
0.001547
-0.361264
-0.193130
-0.338405
0.266200
-0.325585
-0.268376
-0.002791
-0.452946
-0.026280
-0.235671
0.578289
-0.130335
-0.296537
-0.348639
-0.096208
-0.031252
-0.431237
0.017787
-0.042053
0.010031
0.029989
-0.086268
0.156858
0.351992
-0.139106
-0.231412
0.067411
0.182780
0.017491
0.004537
-0.090767
0.092249
0.149544
0.277922
-0.011578
0.062145
-0.000777
0.313691
0.031662
0.043510
-0.007406
-0.282728
0.099136
0.034150
-0.441684
-0.178093
0.014246
0.392130
0.020445
0.093667
0.107249
-0.125147
-0.082747
-0.036339
0.457845
0.443182
0.161168
-0.097332
0.209314
-0.125312
0.412710
0.036776
-0.158223
-0.233733
-0.068369
-0.308348
-0.171851
0.186143
0.447886
0.205066
-0.234456
-0.055082
-0.362940
-0.240905
-0.112203
0.062657
0.092725
-0.109020
-0.074531
0.300681
0.083906
0.176468
0.131631
0.043699
0.226366
0.049244
-0.097010
0.093472
0.034776
0.085387
-0.516922
0.084100
-0.195142
-0.236606
-0.094331
-0.038447
-0.336743
0.427933
-0.109331
0.091775
0.019537
-0.180687
0.258579
-0.004474
-0.063188
0.272620
0.079169
0.327338
0.097544
-0.264655
0.313432
0.002823
-0.044907
0.140588
0.235273
0.175845
0.202037
0.109598
-0.011333
-0.013361
-0.154650
-0.357879
0.272656
-0.251763
-0.204971
0.153697
0.139851
-0.064765
0.238634
0.170614
-0.250681
-0.004636
-0.036070
0.067543
-0.098093
-0.043193
-0.669375
-0.111767
0.122458
0.176945
0.350025
0.227051
0.173823
-0.130764
0.206769
0.353877
0.115419
-0.000470
0.059125
0.277505
-0.063909
-0.120317
0.407266
0.143742
0.111041
0.089924
-0.120983
-0.209562
-0.006494
0.048932
-0.073799
-0.104856
0.004011
0.194318
0.085758
0.029841
-0.016933
0.047624
-0.417515
-0.225134
0.030155
-0.137854
0.205031
-0.078368
-0.039176
0.519331
0.313437
-0.107105
0.329084
0.045124
0.140870
0.258904
-0.110938
-0.239142
-0.136241
0.037043
0.077757
0.671891
-0.069277
-0.117095
0.369794
0.044729
-0.255131
0.208983
0.041434
0.203248
0.074634
-0.006466
0.099546
0.237376
-0.228537
0.150969
0.134818
-0.171737
0.091915
0.068097
0.018319
0.361133
0.031846
-0.640396
0.465592
0.002981
-0.088621
0.202699
-0.062437
-0.147160
-0.111376
-0.419996
0.062727
-0.278839
-0.083868
0.065941
0.058804
0.111714
0.309992
0.278856
-0.129672
0.223519
0.002985
0.165790
-0.014157
-0.091605
-0.845703
-0.200569
-0.081907
-0.445558
0.003099
0.037545
0.239943
-0.091544
0.097897
-0.099673
0.219872
-0.483573
0.049861
0.361617
0.059921
-0.217759
0.511533
0.173070
0.221770
0.178583
0.033622
0.034401
-0.167555
0.522690
-0.132519
-0.136694
-0.133762
0.426310
-0.074460
-0.143186
-0.061438
0.006232
-0.213996
-0.143440
-0.095609
-0.147586
-0.083275
0.101504
-0.141010
0.692555
0.208643
-0.175076
0.252789
-0.152455
-0.035163
0.221881
0.069590
-0.216988
-0.200839
0.048086
0.347426
0.131733
0.047217
-0.081071
0.041008
0.403621
-0.230963
-0.553852
0.344910
-0.114662
0.072420
0.092490
0.100155
-0.021875
-0.226049
-0.000340
-0.246524
-0.142175
-0.317330
-0.140588
-0.047883
0.514262
0.036596
0.064721
0.213378
-0.300974
-0.225365
0.235676
0.204377
-0.199353
-0.116217
-0.180032
0.168220
0.134201
0.025117
0.269190
0.095838
-0.024265
0.357976
0.141412
-0.254845
-0.053241
0.188946
0.038024
-0.482450
0.168076
-0.301231
-0.024125
-0.314605
-0.160826
-0.300015
-0.020187
0.171350
-0.023417
0.275747
0.416599
0.048421
-0.699069
0.299938
0.519854
0.079695
0.064054
0.315930
0.066851
0.174883
0.097832
0.141283
0.187565
-0.246781
0.677454
-0.189370
-0.113472
-0.159771
0.642680
-0.542543
-0.341018
-0.084212
-0.059953
-0.144702
-0.102600
-0.163343
0.071337
-0.115194
-0.048983
0.019245
0.662271
0.233264
0.082057
-0.061066
-0.162091
-0.128292
0.133112
0.123689
0.105354
-0.183409
0.000643
-0.145589
-0.291755
-0.299814
-0.048149
-0.177084
0.372324
-0.152067
-0.237822
0.247913
-0.141264
-0.241125
0.327160
0.446696
-0.568122
0.124306
-0.058767
-0.214756
0.360647
-0.619486
0.089788
0.097868
0.229324
-0.168770
0.369733
0.026397
-0.200152
-0.165435
-0.084606
0.302867
0.273789
-0.061871
-0.057529
0.257688
-0.022743
0.277541
-0.050288
0.008961
0.050940
0.392315
0.172182
-0.009209
0.004066
0.220170
0.126461
-0.371876
0.002759
0.010396
0.126271
0.005046
0.401876
-0.275247
0.122910
0.350963
-0.166696
0.140095
0.452036
-0.098001
-0.307684
0.249133
0.468433
0.061982
0.448049
-0.198896
-0.239691
0.200386
-0.127158
-0.127931
-0.054558
-0.378583
0.542456
-0.283567
-0.231519
-0.051413
0.391957
-0.395887
-0.402954
0.061918
-0.174760
0.082851
-0.009460
-0.065990
0.080638
-0.358405
-0.088215
-0.116966
0.381781
0.398356
0.134242
0.170799
0.086392
-0.143705
-0.019899
0.068949
0.203818
-0.029106
-0.020675
-0.406202
0.171983
-0.496343
0.270184
-0.036605
0.229081
-0.285881
0.270776
-0.219348
-0.161149
-0.123849
0.045883
0.486104
-0.147725
0.387742
-0.149760
0.293621
-0.028294
-0.333819
-0.304251
-0.063305
0.231936
-0.005836
0.010155
0.227327
-0.112032
-0.166087
-0.318950
0.043528
0.317485
-0.149341
-0.034372
0.044384
0.078317
0.307854
0.075581
-0.075516
-0.095141
0.447806
0.236201
0.110731
0.093167
0.180902
0.185445
-0.208013
-0.027315
0.269020
0.233208
0.063234
0.156253
0.048992
-0.107480
0.207347
-0.011143
0.204575
-0.175838
0.239032
0.188951
-0.063784
0.174380
-0.279951
0.362305
-0.003588
-0.446336
0.174525
-0.148588
-0.305169
-0.299330
-0.460908
0.401807
-0.126748
0.075130
0.092444
0.031962
-0.008289
-0.359317
0.201840
0.146764
-0.232589
-0.403140
0.131130
-0.032401
0.234470
-0.005142
-0.073839
-0.025733
0.172377
0.142886
0.002818
-0.239245
0.162830
0.138955
-0.039247
-0.108753
-0.422783
-0.256067
-0.049187
0.116090
0.083401
-0.110780
0.123620
0.040593
-0.121981
0.374838
-0.003473
-0.119330
0.029467
-0.012169
0.390267
0.111477
-0.455177
-0.260905
0.141117
0.287556
0.148124
-0.218529
0.234567
-0.341483
-0.026106
0.094925
0.043159
-0.056526
0.132515
0.186882
-0.121612
-0.197465
0.024745
-0.169596
0.317342
-0.110562
-0.199579
0.123277
0.125134
-0.083678
0.148449
0.150094
-0.103813
0.180577
0.044624
-0.049102
0.039815
-0.059256
0.099242
-0.249618
0.262605
-0.062654
0.215425
0.207094
0.004919
-0.203716
0.326446
-0.213069
-0.333841
-0.146435
-0.123035
0.264479
-0.064748
-0.219218
-0.142575
-0.009789
-0.157271
0.155877
-0.007560
-0.209672
0.165119
-0.035371
-0.038929
0.384848
0.195399
0.210677
0.167374
-0.134217
-0.018182
0.141925
-0.287948
-0.342738
-0.167725
-0.077766
0.310315
0.027227
-0.131945
-0.191208
0.300180
-0.043864
0.040173
-0.067495
0.156416
0.141055
-0.229563
-0.244194
-0.433951
-0.374173
0.102477
0.328173
-0.109373
-0.201305
0.384196
-0.193428
-0.243571
0.266226
-0.041412
-0.133694
0.021353
0.091792
0.096106
-0.146371
-0.385146
0.022944
-0.160403
-0.164981
0.117367
-0.060270
-0.020503
-0.213038
0.098338
-0.235948
0.101515
-0.275145
0.071544
0.183245
-0.006938
-0.120272
0.018606
-0.189369
0.255315
-0.012669
-0.099280
0.360546
0.018144
-0.021429
0.166331
0.111058
-0.284890
0.314839
-0.139256
0.074410
-0.120689
0.089392
0.189522
-0.094405
-0.011642
-0.166488
0.294910
0.279110
-0.193074
-0.363985
0.117335
-0.203015
-0.381851
-0.175875
-0.132818
0.041542
-0.026909
-0.043401
-0.403389
0.052478
-0.135837
-0.032156
0.092746
-0.152526
0.156640
0.248581
-0.123438
-0.045212
0.564333
-0.084008
0.086210
0.234039
0.018527
0.052460
-0.034119
-0.138138
-0.199288
-0.099789
0.344481
0.154086
-0.119093
-0.187189
0.317020
0.134029
-0.114382
0.085134
0.314297
0.058334
-0.166264
0.000097
-0.218560
-0.148938
0.179529
-0.025125
0.225496
0.001542
0.009845
-0.209004
-0.110332
-0.171636
0.129725
-0.244270
0.173907
0.167680
0.091283
-0.392699
0.102916
0.135313
-0.538765
-0.210184
0.085117
0.006371
0.029730
-0.293789
-0.039288
0.246481
-0.234656
-0.039735
0.361206
0.249918
0.062750
0.280155
0.051115
0.042158
0.189288
0.197612
-0.014751
0.292651
-0.059283
-0.027135
0.124480
0.093401
-0.081200
0.247411
0.054559
-0.081362
-0.278334
0.133819
0.327406
-0.057467
-0.235779
0.058195
0.462880
0.243945
-0.124630
-0.213467
0.213401
0.219761
-0.713795
0.138617
0.447588
-0.154921
-0.456201
0.439975
-0.511554
-0.020957
-0.284251
-0.284371
-0.522647
-0.280477
0.012320
0.208403
0.122526
0.168711
0.432641
-0.269482
-0.042491
0.368723
0.317663
-0.332619
0.114723
0.006189
-0.162690
0.103184
0.371734
0.113530
-0.136279
-0.158297
0.194276
0.069161
-0.209974
0.172779
0.116176
0.096533
-0.160533
0.392346
0.097668
0.062018
-0.487133
-0.129238
0.134672
0.050469
-0.028612
-0.047097
0.077174
0.083838
-0.159713
-0.095026
0.379825
0.307214
-0.038820
-0.201221
0.142816
0.340886
-0.173774
0.337913
0.017225
-0.028855
0.122773
-0.204732
-0.094040
0.109350
0.097609
0.247333
0.219788
0.277604
0.084250
0.351421
-0.050539
-0.085009
0.275566
0.012408
0.132589
0.000449
-0.200749
-0.034982
0.292397
-0.015404
0.064500
0.156022
-0.045056
-0.096807
-0.240551
0.031098
0.192850
-0.076415
0.220106
0.098326
0.283810
0.213548
-0.071090
-0.111516
-0.053263
-0.015469
-0.091652
0.291173
0.520221
0.196622
-0.435407
0.527764
-0.091333
0.097619
-0.042262
0.069395
-0.670044
-0.165375
-0.099036
0.234882
0.213396
0.215779
0.062463
-0.370829
-0.264682
0.118862
0.369426
-0.196499
0.069498
-0.062374
0.010957
0.182957
0.081711
-0.096688
-0.122044
0.117844
0.119389
-0.031527
0.189709
0.370196
0.137600
0.201919
-0.084127
0.340798
-0.077835
0.362174
-0.335002
0.287920
-0.032583
0.237488
0.185207
-0.069372
0.008593
0.252363
-0.318789
0.168551
0.362719
0.493131
-0.058766
0.184985
-0.008686
0.153742
0.029286
0.093566
0.061063
-0.428923
-0.260228
-0.048520
-0.173769
-0.325671
0.273021
0.238446
-0.224099
0.013306
-0.219960
-0.012578
-0.029076
-0.173396
0.059947
-0.100875
0.237061
0.079530
-0.243322
-0.132921
0.359931
0.121903
-0.003706
-0.006416
0.202526
0.081605
-0.017040
-0.119899
-0.158526
-0.048068
0.112602
-0.199265
0.395324
-0.177904
-0.252831
-0.131222
-0.039607
-0.426564
0.177904
0.223564
0.234977
0.037936
-0.165590
-0.222856
0.200905
0.033843
-0.041503
0.101618
-0.547972
-0.222794
-0.082487
0.278073
0.400863
0.096019
0.161506
-0.143576
-0.382152
-0.228697
0.074858
0.341007
0.059309
0.062868
0.044226
-0.049408
0.005921
-0.148552
-0.148002
-0.240212
0.472127
0.078078
-0.147279
-0.054996
-0.044824
-0.044622
-0.195157
-0.162508
-0.133629
-0.124865
-0.029826
-0.077621
0.106878
-0.144506
0.086737
0.138210
0.283465
0.174211
-0.048427
-0.220749
-0.029572
0.081149
0.339390
-0.132001
0.174136
0.043204
0.099357
-0.075661
-0.100183
-0.184776
0.109207
-0.169547
0.147477
0.014468
-0.054958
0.036140
-0.202470
0.255881
-0.183945
-0.051767
0.185641
0.026492
0.146337
0.055297
0.122172
0.088919
0.027113
0.025485
0.037265
-0.046277
0.124203
0.214278
-0.097953
-0.107482
0.141242
0.044382
0.082463
0.318239
0.107722
0.003469
-0.296489
0.243490
0.126531
-0.158592
0.020518
-0.173239
-0.186492
0.268361
-0.081637
0.226595
0.152797
0.225659
-0.125897
-0.455588
0.279234
0.027946
0.214902
-0.208659
-0.057300
-0.239180
-0.150911
0.103148
0.007124
-0.318223
-0.048428
0.150974
-0.217849
-0.236147
-0.145134
0.100490
-0.016393
-0.027176
-0.163781
-0.225238
-0.115380
-0.244960
0.435074
-0.030708
-0.179623
0.124827
-0.013428
-0.017467
-0.120852
0.173805
0.131692
-0.138362
0.209399
0.143018
-0.257719
-0.147218
-0.044468
0.081769
0.173451
0.108258
-0.063141
0.041816
-0.081595
0.121532
0.235167
-0.337350
0.024562
-0.014603
0.154874
0.056900
0.327951
-0.079717
-0.262879
0.068363
0.102821
-0.003883
-0.359769
0.099619
-0.043963
-0.119332
-0.366720
0.115271
0.175225
-0.027536
0.053222
0.173561
-0.188760
0.081327
-0.066073
0.156872
0.038994
-0.175374
0.126198
0.219786
-0.173655
-0.085827
0.055244
0.156116
-0.038408
0.074019
0.139562
0.035323
-0.240365
0.113145
-0.104230
0.162392
-0.055928
-0.007522
-0.294802
0.196726
-0.384573
-0.053790
0.112677
0.685179
-0.092491
-0.316813
0.115987
-0.233872
0.534891
-0.118756
-0.232230
-0.282427
0.263143
0.031344
0.057297
-0.277563
0.140215
-0.046333
-0.168652
-0.420608
-0.190703
-0.096199
-0.111793
-0.061692
0.164747
-0.159125
-0.178455
0.006925
0.292456
0.002697
-0.242779
0.237479
-0.106014
0.042946
-0.316977
0.472762
0.172959
-0.131766
0.239168
0.026245
-0.040490
0.035037
-0.227261
0.059133
0.134830
-0.031043
-0.165260
0.096042
-0.098446
-0.039811
-0.084014
-0.075075
-0.142588
-0.101900
-0.029809
-0.200838
0.185711
-0.146994
-0.088407
0.070750
0.166751
0.128904
-0.085911
0.313984
0.170191
0.012875
-0.540381
0.397727
0.006472
-0.015530
-0.087523
0.172719
-0.369420
0.048476
-0.093921
0.032307
0.150920
-0.060085
0.226360
0.099043
-0.073898
0.021437
0.097571
0.026695
-0.079402
-0.306903
0.093238
-0.047914
-0.275588
-0.073535
0.098917
0.143577
0.078561
-0.075954
-0.083839
0.387367
-0.198416
-0.081716
-0.176199
0.612659
0.222659
-0.049993
-0.309343
-0.186324
0.382509
-0.086070
-0.235791
-0.386176
0.220928
0.262343
-0.006640
-0.239990
0.581373
0.062145
-0.103613
-0.153545
-0.136986
-0.089111
0.096340
-0.248583
0.054229
-0.183727
-0.161719
0.118760
0.199710
0.045485
-0.009484
0.301895
0.192143
0.017440
-0.388291
0.353151
-0.113532
-0.352373
-0.305107
-0.059995
0.187229
0.017805
-0.000867
0.161464
0.172107
-0.011843
-0.036915
0.130677
0.190320
0.154375
-0.248596
0.263540
-0.158306
-0.116018
0.097557
-0.161030
-0.156117
-0.190834
-0.203406
0.096128
-0.122819
0.106091
0.303319
0.016935
0.481428
0.151331
-0.030927
0.084158
0.044564
0.086475
-0.080101
-0.016097
-0.279213
-0.086358
-0.198028
0.011969
0.096410
-0.212817
0.154564
0.009434
-0.051330
-0.200458
0.108114
-0.074186
-0.148849
-0.336467
0.382437
-0.163795
-0.276815
-0.003820
-0.079955
-0.009463
0.097681
-0.297723
0.245149
-0.024339
-0.019637
-0.060061
-0.051103
-0.071447
0.283756
0.350340
-0.282768
0.171885
0.187690
-0.171184
-0.203817
-0.225766
0.134363
0.343461
-0.015398
0.147666
0.401684
0.147097
0.039526
0.252440
-0.072111
-0.099665
0.089239
-0.156246
-0.102280
-0.100443
-0.245865
0.067586
0.133660
0.066049
0.172844
0.185003
0.231207
-0.058412
0.045534
-0.005326
-0.197264
-0.057924
0.133957
-0.248709
0.115031
0.045544
-0.122872
0.041992
0.058887
0.149827
0.093738
0.330228
0.447937
0.302570
-0.112082
0.195895
0.053125
-0.024790
0.062495
0.007590
-0.110657
-0.176557
-0.214609
0.112122
-0.210248
0.163567
0.188244
0.050278
0.145336
-0.049249
0.290646
-0.193510
0.051749
-0.029073
0.018682
0.054876
-0.103783
0.104256
-0.198025
-0.074320
0.136623
0.034614
0.144463
0.039147
-0.072092
-0.114852
0.009625
-0.096894
0.090130
-0.154331
0.145078
-0.055099
-0.253910
0.172261
0.082608
0.048108
0.039096
-0.028116
0.067255
-0.146740
0.264647
-0.129393
0.130764
-0.369323
0.058733
0.197003
-0.056373
0.148143
-0.015331
-0.370828
-0.262723
-0.008943
-0.083951
-0.006701
0.162641
0.291411
0.031974
0.114749
0.080151
0.432670
